"label"	"H1hESC.expr"	"HepG2.expr"	"K562.expr"	"MCF7.expr"	"SKNSH_RA.expr"	"A549.expr"	"GM12878.expr"	"IMR90.expr"	"SKNSH.expr"	"AG04450.expr"	"BJ.expr"	"HUVEC.expr"	"HeLaS3.expr"	"NHEK.expr"	"NHLF.expr"	"H1hESC.peakCount"	"HepG2.peakCount"	"K562.peakCount"	"MCF7.peakCount"	"SKNSH_RA.peakCount"	"A549.peakCount"	"GM12878.peakCount"	"IMR90.peakCount"	"SKNSH.peakCount"	"AG04450.peakCount"	"BJ.peakCount"	"HUVEC.peakCount"	"HeLaS3.peakCount"	"NHEK.peakCount"	"NHLF.peakCount"	"H1hESC.foldChange"	"HepG2.foldChange"	"K562.foldChange"	"MCF7.foldChange"	"SKNSH_RA.foldChange"	"A549.foldChange"	"GM12878.foldChange"	"IMR90.foldChange"	"SKNSH.foldChange"	"AG04450.foldChange"	"BJ.foldChange"	"HUVEC.foldChange"	"HeLaS3.foldChange"	"NHEK.foldChange"	"NHLF.foldChange"	"peakCountSumRaw"	"peakCountSum"	"exprCount"	"PSIave"	"FoldChangeave"	"FoldChangeaveGroup"	"FoldChangeVar"	"PSIVar"	"peakFracExpr"	"peakFracExprGroup"	"pearsonCorr"	"pearsonCorrPvalue"	"wilcoxCorrPvalue"	"alpha"	"M"	"j"
"3064"	"chr10:135010562-135010639_+"	0.83333	NA	NA	1	1	NA	NA	1	NA	NA	NA	NA	NA	NA	NA	1	0	0	0	0	0	0	0	0	0	0	0	0	0	0	21.52746	0	0	0	0	0	0	0	0	0	0	0	0	0	0	1	1	4	0.9583325	5.381865	"(5,10]"	115.8578835129	0.006944722225	0.25	"(0.2,0.267]"	-1	0	NA	0.05	7251	1
"3065"	"chr10:135010562-135010639_+"	0.83333	NA	NA	1	1	NA	NA	1	NA	NA	NA	NA	NA	NA	NA	1	0	0	0	0	0	0	0	0	0	0	0	0	0	0	21.52746	0	0	0	0	0	0	0	0	0	0	0	0	0	0	1	1	4	0.9583325	5.381865	"(5,10]"	115.8578835129	0.006944722225	0.25	"(0.2,0.267]"	-1	0	NA	0.05	7251	2
"3194"	"chr10:135122894-135122967_+"	0.9716	1	1	1	1	1	1	1	1	1	1	1	1	1	1	1	0	0	0	0	0	0	0	0	0	0	0	0	0	0	7.72781	0	0	0	0	0	0	0	0	0	0	0	0	0	0	1	1	15	0.998106666666667	0.515187333333333	"(0,5]"	3.98126982640667	5.37706666666666e-05	0.0666666666666667	NA	-1	0	NA	0.05	7251	3
"3195"	"chr10:135122894-135122967_+"	0.9716	1	1	1	1	1	1	1	1	1	1	1	1	1	1	1	0	0	0	0	0	0	0	0	0	0	0	0	0	0	7.72781	0	0	0	0	0	0	0	0	0	0	0	0	0	0	1	1	15	0.998106666666667	0.515187333333333	"(0,5]"	3.98126982640667	5.37706666666666e-05	0.0666666666666667	NA	-1	0	NA	0.05	7251	4
"3196"	"chr10:135122894-135122967_+"	0.9716	1	1	1	1	1	1	1	1	1	1	1	1	1	1	1	0	0	0	0	0	0	0	0	0	0	0	0	0	0	7.72781	0	0	0	0	0	0	0	0	0	0	0	0	0	0	1	1	15	0.998106666666667	0.515187333333333	"(0,5]"	3.98126982640667	5.37706666666666e-05	0.0666666666666667	NA	-1	0	NA	0.05	7251	5
"11103"	"chr11:12029917-12030155_-"	1	NA	NA	NA	1	NA	NA	1	1	1	1	1	NA	0.99662	1	0	0	0	0	0	0	0	0	0	0	0	0	0	1	0	0	0	0	0	0	0	0	0	0	0	0	0	0	5.32555	0	1	1	9	0.999624444444444	0.591727777777778	"(0,5]"	3.15127586694444	1.26937777777782e-06	0.111111111111111	"(0.0667,0.133]"	-1	0	NA	0.05	7251	6
"11554"	"chr11:124763756-124763941_-"	NA	NA	NA	NA	NA	NA	NA	NA	NA	NA	NA	0.98991	NA	1	1	0	0	0	0	0	0	0	0	0	0	0	1	0	0	0	0	0	0	0	0	0	0	0	0	0	0	6.64483	0	0	0	1	1	3	0.996636666666667	2.21494333333333	"(0,5]"	14.7179219096333	3.39360333333336e-05	0.333333333333333	"(0.267,0.333]"	-1	0	NA	0.05	7251	7
"11555"	"chr11:124763756-124763941_-"	NA	NA	NA	NA	NA	NA	NA	NA	NA	NA	NA	0.98991	NA	1	1	0	0	0	0	0	0	0	0	0	0	0	1	0	0	0	0	0	0	0	0	0	0	0	0	0	0	6.64483	0	0	0	1	1	3	0.996636666666667	2.21494333333333	"(0,5]"	14.7179219096333	3.39360333333336e-05	0.333333333333333	"(0.267,0.333]"	-1	0	NA	0.05	7251	8
"14034"	"chr11:3422989-3423097_+"	1	NA	0.90588	NA	NA	NA	NA	NA	NA	NA	1	NA	NA	NA	1	0	0	1	0	0	0	0	0	0	0	0	0	0	0	0	0	0	4.70901	0	0	0	0	0	0	0	0	0	0	0	0	1	1	4	0.97647	1.1772525	"(0,5]"	5.543693795025	0.0022146436	0.25	"(0.2,0.267]"	-1	0	NA	0.05	7251	9
"14035"	"chr11:3422989-3423097_+"	1	NA	0.90588	NA	NA	NA	NA	NA	NA	NA	1	NA	NA	NA	1	0	0	1	0	0	0	0	0	0	0	0	0	0	0	0	0	0	4.70901	0	0	0	0	0	0	0	0	0	0	0	0	1	1	4	0.97647	1.1772525	"(0,5]"	5.543693795025	0.0022146436	0.25	"(0.2,0.267]"	-1	0	NA	0.05	7251	10
"14036"	"chr11:3423843-3423959_+"	1	NA	0.93878	NA	NA	NA	NA	NA	NA	NA	1	NA	NA	NA	1	0	0	1	0	0	0	0	0	0	0	0	0	0	0	0	0	0	4.70901	0	0	0	0	0	0	0	0	0	0	0	0	1	1	4	0.984695	1.1772525	"(0,5]"	5.543693795025	0.000936972100000002	0.25	"(0.2,0.267]"	-1	0	NA	0.05	7251	11
"14037"	"chr11:3423843-3423959_+"	1	NA	0.93878	NA	NA	NA	NA	NA	NA	NA	1	NA	NA	NA	1	0	0	1	0	0	0	0	0	0	0	0	0	0	0	0	0	0	4.70901	0	0	0	0	0	0	0	0	0	0	0	0	1	1	4	0.984695	1.1772525	"(0,5]"	5.543693795025	0.000936972100000002	0.25	"(0.2,0.267]"	-1	0	NA	0.05	7251	12
"14038"	"chr11:3423843-3423959_+"	1	NA	0.93878	NA	NA	NA	NA	NA	NA	NA	1	NA	NA	NA	1	0	0	1	0	0	0	0	0	0	0	0	0	0	0	0	0	0	4.70901	0	0	0	0	0	0	0	0	0	0	0	0	1	1	4	0.984695	1.1772525	"(0,5]"	5.543693795025	0.000936972100000002	0.25	"(0.2,0.267]"	-1	0	NA	0.05	7251	13
"14041"	"chr11:3424823-3424882_+"	1	NA	0.94189	NA	NA	NA	NA	NA	NA	NA	1	NA	NA	NA	1	0	0	1	0	0	0	0	0	0	0	0	0	0	0	0	0	0	12.08936	0	0	0	0	0	0	0	0	0	0	0	0	1	1	4	0.9854725	3.02234	"(0,5]"	36.5381563024	0.000844193025	0.25	"(0.2,0.267]"	-1	0	NA	0.05	7251	14
"14044"	"chr11:3427729-3428927_+"	1	NA	0.82083	NA	NA	NA	NA	NA	NA	NA	1	NA	NA	NA	1	0	0	1	0	0	0	0	0	0	0	0	0	0	1	0	0	0	78.23573	0	0	0	0	0	0	0	0	0	0	47.55297	0	2	1	4	0.9552075	19.5589325	"(15,20]"	1530.20736215823	0.00802547222500001	0.25	"(0.2,0.267]"	-1	0	NA	0.05	7251	15
"14045"	"chr11:3428852-3428927_+"	1	NA	0.8114	NA	NA	NA	NA	NA	NA	NA	1	NA	NA	NA	1	0	0	1	0	0	0	0	0	0	0	0	0	0	1	0	0	0	78.23573	0	0	0	0	0	0	0	0	0	0	47.55297	0	2	1	4	0.95285	19.5589325	"(15,20]"	1530.20736215823	0.00889249	0.25	"(0.2,0.267]"	-1	0	NA	0.05	7251	16
"43773"	"chr14:24046284-24046833_-"	0.92405	NA	NA	NA	1	NA	NA	NA	1	NA	NA	NA	NA	NA	NA	1	0	0	0	0	0	1	1	0	0	1	1	0	1	0	41.41751	0	0	0	0	0	21.74855	6.61295	0	0	5.70023	21.39535	0	36.29388	0	6	1	3	0.974683333333333	13.8058366666667	"(10,15]"	571.803378200033	0.00192280083333333	0.333333333333333	"(0.267,0.333]"	-1	0	NA	0.05	7251	17
"45603"	"chr14:51467401-51467558_-"	1	NA	NA	NA	1	0.92573	NA	NA	1	NA	NA	NA	NA	NA	NA	0	1	0	1	0	1	1	0	0	0	0	0	0	0	0	0	30.52165	0	10.0773	0	7.90917	12.76635	0	0	0	0	0	0	0	0	4	1	4	0.9814325	1.9772925	"(0,5]"	15.638742522225	0.001379008225	0.25	"(0.2,0.267]"	-1	0	NA	0.05	7251	18
"49155"	"chr15:101833230-101833377_-"	1	1	1	1	1	1	0.98841	1	1	1	1	1	1	1	1	0	0	0	0	0	0	1	0	0	0	0	0	0	0	0	0	0	0	0	0	0	23.19731	0	0	0	0	0	0	0	0	1	1	15	0.999227333333333	1.54648733333333	"(0,5]"	35.8743460824067	8.95520666666665e-06	0.0666666666666667	NA	-1	0	NA	0.05	7251	19
"60463"	"chr16:23436070-23436268_-"	0.9351	1	1	1	1	1	1	1	1	1	1	1	1	1	1	1	0	0	0	0	0	0	0	0	0	0	0	0	0	0	6.7645	0	0	0	0	0	0	0	0	0	0	0	0	0	0	1	1	15	0.995673333333333	0.450966666666667	"(0,5]"	3.05056401666667	0.000280800666666666	0.0666666666666667	NA	-1	0	NA	0.05	7251	20
"65261"	"chr16:67165189-67165232_+"	1	0.97647	1	1	1	1	1	1	1	1	1	1	1	1	1	0	1	0	0	0	0	0	0	0	0	0	0	0	0	0	0	7.58554	0	0	0	0	0	0	0	0	0	0	0	0	0	1	1	15	0.998431333333333	0.505702666666667	"(0,5]"	3.83602780610667	3.69107266666668e-05	0.0666666666666667	NA	-1	0	NA	0.05	7251	21
"83734"	"chr17:79914526-79914626_-"	1	0.99662	1	NA	NA	NA	NA	NA	1	NA	NA	NA	NA	NA	NA	0	1	0	0	0	0	0	0	0	0	0	0	0	0	0	0	5.25689	0	0	0	0	0	0	0	0	0	0	0	0	0	1	1	4	0.999155	1.3142225	"(0,5]"	6.908723118025	2.85610000000008e-06	0.25	"(0.2,0.267]"	-1	0	NA	0.05	7251	22
"86720"	"chr18:56054671-56054730_+"	1	0.06565	1	1	1	1	1	1	1	1	1	1	1	1	1	0	1	0	0	0	0	0	0	0	0	0	0	0	0	0	0	5.51805	0	0	0	0	0	0	0	0	0	0	0	0	0	1	1	15	0.93771	0.36787	"(0,5]"	2.0299250535	0.0582006615	0.0666666666666667	NA	-1	0	NA	0.05	7251	23
"89058"	"chr19:1231100-1231274_-"	0.50476	NA	NA	NA	NA	NA	NA	1	1	NA	NA	NA	NA	NA	NA	1	0	0	0	0	0	0	0	0	0	0	1	0	1	0	7.72781	0	0	0	0	0	0	0	0	0	0	5.29946	0	7.25878	0	3	1	3	0.83492	2.57593666666667	"(0,5]"	19.9063491320333	0.0817542192	0.333333333333333	"(0.267,0.333]"	-1	0	NA	0.05	7251	24
"90650"	"chr19:16038022-16038149_-"	NA	0.61111	NA	1	NA	1	NA	NA	NA	NA	NA	NA	NA	1	NA	0	1	0	0	0	0	0	0	0	0	0	0	0	0	0	0	4.98533	0	0	0	0	0	0	0	0	0	0	0	0	0	1	1	4	0.9027775	1.2463325	"(0,5]"	6.213378802225	0.037808858025	0.25	"(0.2,0.267]"	-1	0	NA	0.05	7251	25
"90651"	"chr19:16038240-16038293_-"	NA	0.55556	NA	1	NA	1	NA	NA	NA	NA	NA	NA	NA	1	NA	0	1	0	0	0	0	0	0	0	0	0	0	0	0	0	0	4.98533	0	0	0	0	0	0	0	0	0	0	0	0	0	1	1	4	0.88889	1.2463325	"(0,5]"	6.213378802225	0.0493817284	0.25	"(0.2,0.267]"	-1	0	NA	0.05	7251	26
"90652"	"chr19:16038240-16038293_-"	NA	0.55556	NA	1	NA	1	NA	NA	NA	NA	NA	NA	NA	1	NA	0	1	0	0	0	0	0	0	0	0	0	0	0	0	0	0	4.98533	0	0	0	0	0	0	0	0	0	0	0	0	0	1	1	4	0.88889	1.2463325	"(0,5]"	6.213378802225	0.0493817284	0.25	"(0.2,0.267]"	-1	0	NA	0.05	7251	27
"91077"	"chr19:17534307-17534426_+"	1	1	1	1	1	1	0.90179	1	1	1	1	1	1	1	1	0	0	0	0	0	0	1	0	0	0	0	0	0	0	0	0	0	0	0	0	0	7.0363	0	0	0	0	0	0	0	0	1	1	15	0.993452666666667	0.469086666666667	"(0,5]"	3.30063451266667	0.000643013606666667	0.0666666666666667	NA	-1	0	NA	0.05	7251	28
"91078"	"chr19:17534307-17534426_+"	1	1	1	1	1	1	0.90179	1	1	1	1	1	1	1	1	0	0	0	0	0	0	1	0	0	0	0	0	0	0	0	0	0	0	0	0	0	7.0363	0	0	0	0	0	0	0	0	1	1	15	0.993452666666667	0.469086666666667	"(0,5]"	3.30063451266667	0.000643013606666667	0.0666666666666667	NA	-1	0	NA	0.05	7251	29
"91079"	"chr19:17534307-17534426_+"	1	1	1	1	1	1	0.90179	1	1	1	1	1	1	1	1	0	0	0	0	0	0	1	0	0	0	0	0	0	0	0	0	0	0	0	0	0	7.0363	0	0	0	0	0	0	0	0	1	1	15	0.993452666666667	0.469086666666667	"(0,5]"	3.30063451266667	0.000643013606666667	0.0666666666666667	NA	-1	0	NA	0.05	7251	30
"91080"	"chr19:17534502-17534608_+"	1	1	1	1	1	1	0.92642	1	1	1	1	1	1	1	1	0	0	0	0	0	0	1	0	0	0	0	0	0	0	0	0	0	0	0	0	0	7.0363	0	0	0	0	0	0	0	0	1	1	15	0.995094666666667	0.469086666666667	"(0,5]"	3.30063451266667	0.000360934426666666	0.0666666666666667	NA	-1	0	NA	0.05	7251	31
"91081"	"chr19:17534502-17534608_+"	1	1	1	1	1	1	0.92642	1	1	1	1	1	1	1	1	0	0	0	0	0	0	1	0	0	0	0	0	0	0	0	0	0	0	0	0	0	7.0363	0	0	0	0	0	0	0	0	1	1	15	0.995094666666667	0.469086666666667	"(0,5]"	3.30063451266667	0.000360934426666666	0.0666666666666667	NA	-1	0	NA	0.05	7251	32
"91082"	"chr19:17534502-17534608_+"	1	1	1	1	1	1	0.92642	1	1	1	1	1	1	1	1	0	0	0	0	0	0	1	0	0	0	0	0	0	0	0	0	0	0	0	0	0	7.0363	0	0	0	0	0	0	0	0	1	1	15	0.995094666666667	0.469086666666667	"(0,5]"	3.30063451266667	0.000360934426666666	0.0666666666666667	NA	-1	0	NA	0.05	7251	33
"91314"	"chr19:18053465-18053654_+"	1	1	0.96998	1	1	1	1	1	1	1	1	1	1	1	1	0	0	2	0	0	0	0	0	0	0	0	0	0	0	0	0	0	81.39867	0	0	0	0	0	0	0	0	0	0	0	0	2	2	15	0.997998666666667	5.426578	"(5,10]"	441.71623185126	6.00800266666669e-05	0.0666666666666667	NA	-1	0	NA	0.05	7251	34
"91315"	"chr19:18053465-18053654_+"	1	1	0.96998	1	1	1	1	1	1	1	1	1	1	1	1	0	0	2	0	0	0	0	0	0	0	0	0	0	0	0	0	0	81.39867	0	0	0	0	0	0	0	0	0	0	0	0	2	2	15	0.997998666666667	5.426578	"(5,10]"	441.71623185126	6.00800266666669e-05	0.0666666666666667	NA	-1	0	NA	0.05	7251	35
"92101"	"chr19:19748968-19749138_-"	0.6699	NA	1	1	1	NA	1	1	1	1	1	1	NA	1	NA	1	0	0	0	0	0	0	0	0	0	0	0	0	0	0	16.16489	0	0	0	0	0	0	0	0	0	0	0	0	0	0	1	1	11	0.969990909090909	1.46953545454545	"(0,5]"	23.7548789738273	0.00990600090909091	0.0909090909090909	"(0.0667,0.133]"	-1	0	NA	0.05	7251	36
"92102"	"chr19:19748968-19749138_-"	0.6699	NA	1	1	1	NA	1	1	1	1	1	1	NA	1	NA	1	0	0	0	0	0	0	0	0	0	0	0	0	0	0	16.16489	0	0	0	0	0	0	0	0	0	0	0	0	0	0	1	1	11	0.969990909090909	1.46953545454545	"(0,5]"	23.7548789738273	0.00990600090909091	0.0909090909090909	"(0.0667,0.133]"	-1	0	NA	0.05	7251	37
"92103"	"chr19:19748968-19749138_-"	0.6699	NA	1	1	1	NA	1	1	1	1	1	1	NA	1	NA	1	0	0	0	0	0	0	0	0	0	0	0	0	0	0	16.16489	0	0	0	0	0	0	0	0	0	0	0	0	0	0	1	1	11	0.969990909090909	1.46953545454545	"(0,5]"	23.7548789738273	0.00990600090909091	0.0909090909090909	"(0.0667,0.133]"	-1	0	NA	0.05	7251	38
"93295"	"chr19:35757262-35757435_+"	1	1	0.96796	1	NA	NA	1	NA	NA	NA	NA	NA	1	1	NA	0	0	1	0	0	0	0	0	0	0	0	0	0	0	0	0	0	4.20592	0	0	0	0	0	0	0	0	0	0	0	0	1	1	7	0.995422857142857	0.600845714285714	"(0,5]"	2.52710900662857	0.000146651657142857	0.142857142857143	"(0.133,0.2]"	-1	0	NA	0.05	7251	39
"93296"	"chr19:35757262-35757435_+"	1	1	0.96796	1	NA	NA	1	NA	NA	NA	NA	NA	1	1	NA	0	0	1	0	0	0	0	0	0	0	0	0	0	0	0	0	0	4.20592	0	0	0	0	0	0	0	0	0	0	0	0	1	1	7	0.995422857142857	0.600845714285714	"(0,5]"	2.52710900662857	0.000146651657142857	0.142857142857143	"(0.133,0.2]"	-1	0	NA	0.05	7251	40
"93297"	"chr19:35757262-35757435_+"	1	1	0.96796	1	NA	NA	1	NA	NA	NA	NA	NA	1	1	NA	0	0	1	0	0	0	0	0	0	0	0	0	0	0	0	0	0	4.20592	0	0	0	0	0	0	0	0	0	0	0	0	1	1	7	0.995422857142857	0.600845714285714	"(0,5]"	2.52710900662857	0.000146651657142857	0.142857142857143	"(0.133,0.2]"	-1	0	NA	0.05	7251	41
"93303"	"chr19:35757742-35757870_+"	1	1	0.88034	1	NA	NA	NA	NA	NA	NA	NA	NA	NA	1	NA	0	0	1	0	0	0	0	0	0	0	0	0	0	0	0	0	0	4.20592	0	0	0	0	0	0	0	0	0	0	0	0	1	1	5	0.976068	0.841184	"(0,5]"	3.53795260928	0.00286370312	0.2	"(0.133,0.2]"	-1	0	NA	0.05	7251	42
"93304"	"chr19:35757742-35757870_+"	1	1	0.88034	1	NA	NA	NA	NA	NA	NA	NA	NA	NA	1	NA	0	0	1	0	0	0	0	0	0	0	0	0	0	0	0	0	0	4.20592	0	0	0	0	0	0	0	0	0	0	0	0	1	1	5	0.976068	0.841184	"(0,5]"	3.53795260928	0.00286370312	0.2	"(0.133,0.2]"	-1	0	NA	0.05	7251	43
"93381"	"chr19:35989776-35989799_-"	0.99744	1	NA	1	NA	1	1	1	NA	NA	NA	NA	1	1	NA	1	0	0	0	0	0	0	0	0	0	0	0	0	0	0	9.06114	0	0	0	0	0	0	0	0	0	0	0	0	0	0	1	1	8	0.99968	1.1326425	"(0,5]"	10.26303226245	8.19200000000004e-07	0.125	"(0.0667,0.133]"	-1	0	NA	0.05	7251	44
"93382"	"chr19:35989776-35989799_-"	0.99744	1	NA	1	NA	1	1	1	NA	NA	NA	NA	1	1	NA	1	0	0	0	0	0	0	0	0	0	0	0	0	0	0	9.06114	0	0	0	0	0	0	0	0	0	0	0	0	0	0	1	1	8	0.99968	1.1326425	"(0,5]"	10.26303226245	8.19200000000004e-07	0.125	"(0.0667,0.133]"	-1	0	NA	0.05	7251	45
"98121"	"chr19:50042376-50042436_+"	0.7351	1	1	NA	1	NA	NA	1	1	1	1	1	NA	NA	1	1	0	0	0	0	1	0	0	0	0	0	0	0	0	0	6.22953	0	0	0	0	14.6705	0	0	0	0	0	0	0	0	0	2	1	10	0.97351	0.622953	"(0,5]"	3.88070440209	0.007017201	0.1	"(0.0667,0.133]"	-1	0	NA	0.05	7251	46
"135562"	"chr22:19969456-19969614_-"	1	1	0.96327	NA	1	NA	NA	1	1	NA	NA	1	NA	1	NA	0	0	1	0	0	0	0	0	0	0	0	0	0	0	0	0	0	6.66122	0	0	0	0	0	0	0	0	0	0	0	0	1	1	8	0.99540875	0.8326525	"(0,5]"	5.54648148605	0.0001686366125	0.125	"(0.0667,0.133]"	-1	0	NA	0.05	7251	47
"135563"	"chr22:19969456-19969614_-"	1	1	0.96327	NA	1	NA	NA	1	1	NA	NA	1	NA	1	NA	0	0	1	0	0	0	0	0	0	0	0	0	0	0	0	0	0	6.66122	0	0	0	0	0	0	0	0	0	0	0	0	1	1	8	0.99540875	0.8326525	"(0,5]"	5.54648148605	0.0001686366125	0.125	"(0.0667,0.133]"	-1	0	NA	0.05	7251	48
"135696"	"chr22:20379473-20379591_+"	1	1	0.66316	1	1	NA	1	1	1	1	1	1	NA	1	NA	0	0	2	0	0	0	0	0	0	0	0	0	0	0	0	0	0	32.2903849143223	0	0	0	0	0	0	0	0	0	0	0	0	2	2	12	0.97193	2.69086540952686	"(0,5]"	86.8890798262578	0.0094550988	0.0833333333333333	"(0.0667,0.133]"	-1	0	NA	0.05	7251	49
"135697"	"chr22:20379473-20379591_+"	1	1	0.66316	1	1	NA	1	1	1	1	1	1	NA	1	NA	0	0	2	0	0	0	0	0	0	0	0	0	0	0	0	0	0	32.2903849143223	0	0	0	0	0	0	0	0	0	0	0	0	2	2	12	0.97193	2.69086540952686	"(0,5]"	86.8890798262578	0.0094550988	0.0833333333333333	"(0.0667,0.133]"	-1	0	NA	0.05	7251	50
"135699"	"chr22:20379803-20380063_+"	1	1	0.52239	NA	1	NA	NA	1	1	NA	NA	NA	NA	NA	NA	0	0	1	0	0	0	0	0	0	0	0	0	0	0	0	0	0	32.29038	0	0	0	0	0	0	0	0	0	0	0	0	1	1	6	0.920398333333333	5.38173	"(5,10]"	173.7781067574	0.0380185520166667	0.166666666666667	"(0.133,0.2]"	-1	0	NA	0.05	7251	51
"135700"	"chr22:20380023-20380063_+"	1	1	0.49606	NA	1	NA	NA	1	1	NA	NA	NA	NA	NA	NA	0	0	1	0	0	0	0	0	0	0	0	0	0	0	0	0	0	32.29038	0	0	0	0	0	0	0	0	0	0	0	0	1	1	6	0.91601	5.38173	"(5,10]"	173.7781067574	0.0423259206	0.166666666666667	"(0.133,0.2]"	-1	0	NA	0.05	7251	52
"136149"	"chr22:22049226-22049255_+"	1	NA	0.93637	NA	1	NA	NA	NA	1	NA	NA	NA	NA	NA	NA	0	0	1	0	0	0	0	0	0	0	0	0	0	0	0	0	0	5.53555	0	0	0	0	0	0	0	0	0	0	0	0	1	1	4	0.9840925	1.3838875	"(0,5]"	7.660578450625	0.001012194225	0.25	"(0.2,0.267]"	-1	0	NA	0.05	7251	53
"139433"	"chr22:45309702-45309842_-"	0.83039	NA	NA	NA	1	1	NA	NA	1	NA	NA	NA	NA	NA	NA	1	0	0	0	0	0	0	0	0	0	0	0	0	1	0	5.4116	0	0	0	0	0	0	0	0	0	0	0	0	6.55637	0	2	1	4	0.9575975	1.3529	"(0,5]"	7.32135364	0.007191888025	0.25	"(0.2,0.267]"	-1	0	NA	0.05	7251	54
"153629"	"chr2:37316783-37317009_+"	NA	NA	1	1	1	1	0.77953	1	1	1	1	NA	1	1	1	0	0	0	0	0	0	1	0	0	0	0	0	0	0	0	0	0	0	0	0	0	6.1684	0	0	0	0	0	0	0	0	1	1	12	0.9816275	0.514033333333333	"(0,5]"	3.17076321333333	0.004050585075	0.0833333333333333	"(0.0667,0.133]"	-1	0	NA	0.05	7251	55
"153630"	"chr2:37316783-37317009_+"	NA	NA	1	1	1	1	0.77953	1	1	1	1	NA	1	1	1	0	0	0	0	0	0	1	0	0	0	0	0	0	0	0	0	0	0	0	0	0	6.1684	0	0	0	0	0	0	0	0	1	1	12	0.9816275	0.514033333333333	"(0,5]"	3.17076321333333	0.004050585075	0.0833333333333333	"(0.0667,0.133]"	-1	0	NA	0.05	7251	56
"168850"	"chr3:49722695-49722815_-"	1	0.99515	NA	1	1	NA	1	1	1	NA	1	1	NA	1	NA	0	1	1	0	0	0	0	0	0	0	0	0	0	0	0	0	6.47002	10.76346	0	0	0	0	0	0	0	0	0	0	0	0	2	1	10	0.999515	0.647002	"(0,5]"	4.18611588004	2.35225000000002e-06	0.1	"(0.0667,0.133]"	-1	0	NA	0.05	7251	57
"168851"	"chr3:49722695-49722815_-"	1	0.99515	NA	1	1	NA	1	1	1	NA	1	1	NA	1	NA	0	1	1	0	0	0	0	0	0	0	0	0	0	0	0	0	6.47002	10.76346	0	0	0	0	0	0	0	0	0	0	0	0	2	1	10	0.999515	0.647002	"(0,5]"	4.18611588004	2.35225000000002e-06	0.1	"(0.0667,0.133]"	-1	0	NA	0.05	7251	58
"168852"	"chr3:49722695-49722815_-"	1	0.99515	NA	1	1	NA	1	1	1	NA	1	1	NA	1	NA	0	1	1	0	0	0	0	0	0	0	0	0	0	0	0	0	6.47002	10.76346	0	0	0	0	0	0	0	0	0	0	0	0	2	1	10	0.999515	0.647002	"(0,5]"	4.18611588004	2.35225000000002e-06	0.1	"(0.0667,0.133]"	-1	0	NA	0.05	7251	59
"170199"	"chr3:52439781-52439928_-"	1	1	1	1	1	1	1	1	1	1	1	1	1	0.98148	1	0	0	0	0	0	0	0	0	0	0	0	0	0	1	0	0	0	0	0	0	0	0	0	0	0	0	0	0	7.1243	0	1	1	15	0.998765333333333	0.474953333333333	"(0,5]"	3.38371003266667	2.28660266666666e-05	0.0666666666666667	NA	-1	0	NA	0.05	7251	60
"170200"	"chr3:52439781-52439928_-"	1	1	1	1	1	1	1	1	1	1	1	1	1	0.98148	1	0	0	0	0	0	0	0	0	0	0	0	0	0	1	0	0	0	0	0	0	0	0	0	0	0	0	0	0	7.1243	0	1	1	15	0.998765333333333	0.474953333333333	"(0,5]"	3.38371003266667	2.28660266666666e-05	0.0666666666666667	NA	-1	0	NA	0.05	7251	61
"195716"	"chr6:31903700-31903838_+"	NA	0.98427	NA	NA	NA	NA	NA	NA	NA	1	NA	NA	NA	NA	1	0	1	0	0	0	0	0	0	0	0	0	0	0	0	0	0	7.24425	0	0	0	0	0	0	0	0	0	0	0	0	0	1	1	3	0.994756666666667	2.41475	"(0,5]"	17.4930526875	8.24776333333336e-05	0.333333333333333	"(0.267,0.333]"	-1	0	NA	0.05	7251	62
"197474"	"chr6:34495109-34495265_+"	1	NA	NA	1	NA	NA	0.48792	NA	NA	NA	NA	NA	NA	NA	NA	0	0	1	0	0	0	1	0	1	2	2	1	0	1	1	0	0	78.96464	0	0	0	60.91296	0	25.19704	44.5032800000023	65.97881	45.4841	0	73.57703	26.20244	10	1	3	0.829306666666667	20.30432	"(20,25]"	1236.7962319872	0.0874086421333333	0.333333333333333	"(0.267,0.333]"	-1	0	NA	0.05	7251	63
"206877"	"chr7:20259206-20259379_+"	1	NA	1	NA	NA	NA	0.98347	NA	NA	NA	NA	NA	NA	1	NA	0	0	0	0	0	0	1	0	0	0	0	0	0	0	0	0	0	0	0	0	0	6.19323	0	0	0	0	0	0	0	0	1	1	4	0.9958675	1.5483075	"(0,5]"	9.589024458225	6.83102250000004e-05	0.25	"(0.2,0.267]"	-1	0	NA	0.05	7251	64
"209585"	"chr7:70236535-70236630_+"	0.90361	NA	NA	NA	1	NA	1	1	1	NA	NA	NA	NA	1	1	1	0	0	0	0	0	0	0	0	0	0	0	0	0	0	8.2835	0	0	0	0	0	0	0	0	0	0	0	0	0	0	1	1	7	0.98623	1.18335714285714	"(0,5]"	9.80233889285714	0.0013272903	0.142857142857143	"(0.133,0.2]"	-1	0	NA	0.05	7251	65
"211522"	"chr7:92776196-92776459_-"	NA	NA	NA	NA	1	NA	0.88618	1	1	1	1	NA	NA	1	1	0	0	0	0	0	0	1	0	0	0	0	1	0	0	0	0	0	0	0	0	0	19.66178	0	0	0	0	7.25944	0	0	0	2	1	8	0.9857725	2.4577225	"(0,5]"	48.32319909605	0.00161937405	0.125	"(0.0667,0.133]"	-1	0	NA	0.05	7251	66
"211523"	"chr7:92776401-92776459_-"	NA	NA	NA	NA	1	NA	0.8427	NA	NA	1	NA	NA	NA	NA	1	0	0	0	0	0	0	1	0	0	0	0	1	0	0	0	0	0	0	0	0	0	19.66178	0	0	0	0	7.25944	0	0	0	2	1	4	0.960675	4.915445	"(0,5]"	96.6463981921	0.0061858225	0.25	"(0.2,0.267]"	-1	0	NA	0.05	7251	67
"212601"	"chr7:99971667-99972056_+"	1	NA	NA	NA	NA	1	0.91262	NA	1	NA	NA	NA	1	NA	NA	0	0	0	0	0	0	1	0	0	0	0	0	0	0	0	0	0	0	0	0	0	5.39735	0	0	0	0	0	0	0	0	1	1	5	0.982524	1.07947	"(0,5]"	5.8262774045	0.00152705288	0.2	"(0.133,0.2]"	-1	0	NA	0.05	7251	68
"222662"	"chr9:130509426-130509550_-"	1	NA	NA	NA	1	NA	1	NA	NA	NA	NA	0.99508	NA	NA	NA	0	1	1	0	0	0	0	0	0	0	0	1	0	0	0	0	7.68315	7.39988	0	0	0	0	0	0	0	0	7.89949	0	0	0	3	1	4	0.99877	1.9748725	"(0,5]"	15.600485565025	6.05160000000009e-06	0.25	"(0.2,0.267]"	-1	0	NA	0.05	7251	69
"225934"	"chr9:140728801-140728976_+"	0.98691	1	1	1	1	1	1	1	1	1	1	1	1	1	1	1	0	0	0	0	0	0	0	0	0	0	0	0	0	0	5.51986	0	0	0	0	0	0	0	0	0	0	0	0	0	0	1	1	15	0.999127333333333	0.367990666666667	"(0,5]"	2.03125696130667	1.14232066666667e-05	0.0666666666666667	NA	-1	0	NA	0.05	7251	70
"232767"	"chrX:153005546-153005691_+"	1	1	0.63158	1	1	1	NA	1	1	1	1	1	1	NA	1	0	0	1	0	0	0	0	0	0	0	0	0	0	0	0	0	0	6.05445	0	0	0	0	0	0	0	0	0	0	0	0	1	1	13	0.97166	0.465726923076923	"(0,5]"	2.81972036942308	0.0104410228	0.0769230769230769	"(0.0667,0.133]"	-1	0	NA	0.05	7251	71
"232768"	"chrX:153005546-153005691_+"	1	1	0.63158	1	1	1	NA	1	1	1	1	1	1	NA	1	0	0	1	0	0	0	0	0	0	0	0	0	0	0	0	0	0	6.05445	0	0	0	0	0	0	0	0	0	0	0	0	1	1	13	0.97166	0.465726923076923	"(0,5]"	2.81972036942308	0.0104410228	0.0769230769230769	"(0.0667,0.133]"	-1	0	NA	0.05	7251	72
"232770"	"chrX:153008441-153008525_+"	1	1	0.83908	1	1	1	1	1	1	1	1	1	1	1	1	0	0	1	0	0	0	0	0	0	0	0	0	0	0	0	0	0	38.21851	0	0	0	0	0	0	0	0	0	0	0	0	1	1	15	0.989272	2.54790066666667	"(0,5]"	97.3769671080067	0.00172634976	0.0666666666666667	NA	-1	0	NA	0.05	7251	73
"232771"	"chrX:153008441-153008525_+"	1	1	0.83908	1	1	1	1	1	1	1	1	1	1	1	1	0	0	1	0	0	0	0	0	0	0	0	0	0	0	0	0	0	38.21851	0	0	0	0	0	0	0	0	0	0	0	0	1	1	15	0.989272	2.54790066666667	"(0,5]"	97.3769671080067	0.00172634976	0.0666666666666667	NA	-1	0	NA	0.05	7251	74
"39684"	"chr13:37614542-37614595_-"	1	0.97621	1	1	1	1	1	1	1	1	1	1	1	1	1	0	1	0	0	0	0	0	0	0	0	0	0	0	0	0	0	8.03506	0	0	0	0	0	0	0	0	0	0	0	0	0	1	1	15	0.998414	0.535670666666667	"(0,5]"	4.30414594690667	3.77309399999999e-05	0.0666666666666667	NA	-1	3.87691440749737e-103	NA	0.05	7251	75
"179175"	"chr4:77932888-77933074_+"	1	1	1	1	1	1	1	1	1	1	0.99878	1	1	1	1	0	0	0	0	0	0	0	0	0	0	1	0	0	0	0	0	0	0	0	0	0	0	0	0	0	4.2906	0	0	0	0	1	1	15	0.999918666666667	0.28604	"(0,5]"	1.227283224	9.92266666666665e-08	0.0666666666666667	NA	-1	3.87691440749737e-103	NA	0.05	7251	76
"42570"	"chr14:105958916-105959071_+"	0.95789	1	1	1	1	1	1	1	1	1	1	1	1	1	1	1	0	0	0	0	0	0	0	0	0	0	0	0	0	0	6.97376	0	0	0	0	0	0	0	0	0	0	0	0	0	0	1	1	15	0.997192666666667	0.464917333333333	"(0,5]"	3.24222190250667	0.000118216806666667	0.0666666666666667	NA	-1	3.508982358555e-101	NA	0.05	7251	77
"120467"	"chr1:3421772-3421906_-"	1	1	NA	1	1	NA	NA	1	1	1	1	0.93789	1	1	1	0	0	0	0	0	0	0	0	0	0	0	1	0	0	0	0	0	0	0	0	0	0	0	0	0	0	6.81762	0	0	0	1	1	12	0.994824166666667	0.568135	"(0,5]"	3.8733285387	0.000321471008333333	0.0833333333333333	"(0.0667,0.133]"	-1	4.25061421071047e-78	NA	0.05	7251	78
"135698"	"chr22:20379803-20379875_+"	1	1	0.55862	1	1	NA	1	1	1	NA	1	NA	NA	1	NA	0	0	1	0	0	0	0	0	0	0	0	0	0	0	0	0	0	32.29038	0	0	0	0	0	0	0	0	0	0	0	0	1	1	10	0.955862	3.229038	"(0,5]"	104.26686405444	0.01948163044	0.1	"(0.0667,0.133]"	-1	6.64689742203201e-64	NA	0.05	7251	79
"187219"	"chr5:49962919-49963020_+"	1	NA	NA	NA	1	NA	0.90201	1	1	1	1	NA	NA	1	1	0	0	0	0	0	0	1	0	0	0	0	0	0	0	0	0	0	0	0	0	0	7.96273	0	0	0	0	0	0	0	0	1	1	9	0.989112222222222	0.884747777777778	"(0,5]"	7.04500767254444	0.00106689334444444	0.111111111111111	"(0.0667,0.133]"	-1	4.74758610862443e-56	NA	0.05	7251	80
"187220"	"chr5:49962919-49963020_+"	1	NA	NA	NA	1	NA	0.90201	1	1	1	1	NA	NA	1	1	0	0	0	0	0	0	1	0	0	0	0	0	0	0	0	0	0	0	0	0	0	7.96273	0	0	0	0	0	0	0	0	1	1	9	0.989112222222222	0.884747777777778	"(0,5]"	7.04500767254444	0.00106689334444444	0.111111111111111	"(0.0667,0.133]"	-1	4.74758610862443e-56	NA	0.05	7251	81
"93378"	"chr19:35989500-35989665_-"	0.99508	1	NA	1	NA	1	1	NA	NA	NA	NA	NA	1	1	NA	1	0	0	0	0	0	0	0	0	0	0	0	0	0	0	9.06114	0	0	0	0	0	0	0	0	0	0	0	0	0	0	1	1	7	0.999297142857143	1.29444857142857	"(0,5]"	11.7291797285143	3.45805714285719e-06	0.142857142857143	"(0.133,0.2]"	-1	2.49447648679958e-40	NA	0.05	7251	82
"93379"	"chr19:35989500-35989665_-"	0.99508	1	NA	1	NA	1	1	NA	NA	NA	NA	NA	1	1	NA	1	0	0	0	0	0	0	0	0	0	0	0	0	0	0	9.06114	0	0	0	0	0	0	0	0	0	0	0	0	0	0	1	1	7	0.999297142857143	1.29444857142857	"(0,5]"	11.7291797285143	3.45805714285719e-06	0.142857142857143	"(0.133,0.2]"	-1	2.49447648679958e-40	NA	0.05	7251	83
"81528"	"chr17:73739794-73739942_+"	NA	NA	NA	1	1	1	NA	NA	1	NA	NA	1	NA	0.98838	NA	0	0	0	0	0	0	0	0	0	0	0	0	0	1	0	0	0	0	0	0	0	0	0	0	0	0	0	0	5.24084	0	1	1	6	0.998063333333333	0.873473333333333	"(0,5]"	4.57773398426667	2.25040666666665e-05	0.166666666666667	"(0.133,0.2]"	-1	7.39557098644698e-32	NA	0.05	7251	84
"95806"	"chr19:425097-425231_-"	1	0.91724	NA	NA	1	NA	NA	NA	NA	NA	1	1	NA	1	NA	0	1	1	0	0	0	0	0	0	0	0	0	0	0	0	0	5.06875	12.10889	0	0	0	0	0	0	0	0	0	0	0	0	2	1	6	0.986206666666667	0.844791666666667	"(0,5]"	4.28203776041667	0.00114153626666667	0.166666666666667	"(0.133,0.2]"	-1	7.39557098644698e-32	NA	0.05	7251	85
"3211"	"chr10:135165511-135165644_+"	0.42373	1	NA	NA	1	NA	NA	NA	1	NA	NA	NA	NA	NA	NA	1	0	0	0	0	0	0	0	0	0	0	0	0	0	0	15.78383	0	0	0	0	0	0	0	0	0	0	0	0	0	0	1	1	4	0.8559325	3.9459575	"(0,5]"	62.282322367225	0.083021778225	0.25	"(0.2,0.267]"	-1	2.22044604925031e-16	NA	0.05	7251	86
"50836"	"chr15:41101606-41101656_+"	0.67672	1	1	1	1	1	1	1	1	1	1	1	1	0.9183	1	1	0	0	0	0	0	0	0	0	0	0	0	0	1	0	9.93575	0	0	0	0	0	0	0	0	0	0	0	0	4.58342	0	2	2	15	0.973001333333333	0.967944666666667	"(0,5]"	7.54807955664095	0.00716078059809524	0.133333333333333	"(0.0667,0.133]"	-0.981467572132037	1.03663627911366e-10	NA	0.05	7251	87
"50837"	"chr15:41101606-41101656_+"	0.67672	1	1	1	1	1	1	1	1	1	1	1	1	0.9183	1	1	0	0	0	0	0	0	0	0	0	0	0	0	1	0	9.93575	0	0	0	0	0	0	0	0	0	0	0	0	4.58342	0	2	2	15	0.973001333333333	0.967944666666667	"(0,5]"	7.54807955664095	0.00716078059809524	0.133333333333333	"(0.0667,0.133]"	-0.981467572132037	1.03663627911366e-10	NA	0.05	7251	88
"137025"	"chr22:29921827-29921935_-"	1	1	1	1	1	1	1	1	1	1	0.98164	0.92829	1	1	1	0	0	0	0	0	0	0	0	0	0	0	1	0	0	0	0	0	0	0	0	0	0	0	0	0	0	22.71196	0	0	0	1	1	15	0.993995333333333	1.51413066666667	"(0,5]"	34.3888751361067	0.000352755240952382	0.0666666666666667	NA	-0.967790777688468	3.64449383400635e-09	NA	0.05	7251	89
"5104"	"chr10:49272346-49272561_-"	NA	NA	NA	NA	1	0.28185	NA	NA	1	NA	NA	NA	NA	NA	NA	0	0	1	0	0	1	0	0	0	0	0	0	0	0	0	0	0	30.94495	0	0	52.19177	0	0	0	0	0	0	0	0	0	2	1	3	0.760616666666667	17.3972566666667	"(15,20]"	907.993618577633	0.171913140833333	0.333333333333333	"(0.267,0.333]"	-1	9.48637384723993e-09	NA	0.05	7251	90
"90070"	"chr19:1456305-1456403_+"	0.71053	NA	NA	NA	1	NA	NA	NA	1	NA	NA	NA	NA	NA	NA	1	1	0	0	0	0	0	0	0	0	1	1	0	1	0	7.62404	5.81064	0	0	0	0	0	0	0	0	5.10327	7.5438	0	7.28485	0	5	1	3	0.90351	2.54134666666667	"(0,5]"	19.3753286405333	0.0279309603	0.333333333333333	"(0.267,0.333]"	-1	9.48637384723993e-09	NA	0.05	7251	91
"90071"	"chr19:1456305-1456403_+"	0.71053	NA	NA	NA	1	NA	NA	NA	1	NA	NA	NA	NA	NA	NA	1	1	0	0	0	0	0	0	0	0	1	1	0	1	0	7.62404	5.81064	0	0	0	0	0	0	0	0	5.10327	7.5438	0	7.28485	0	5	1	3	0.90351	2.54134666666667	"(0,5]"	19.3753286405333	0.0279309603	0.333333333333333	"(0.267,0.333]"	-1	9.48637384723993e-09	NA	0.05	7251	92
"214405"	"chr8:144651611-144651784_-"	0.4	NA	NA	1	NA	NA	NA	NA	NA	NA	NA	NA	NA	1	NA	1	0	1	0	0	0	0	0	1	0	0	1	0	0	0	4.94917	0	10.76346	0	0	0	0	0	6.88334	0	0	9.51154	0	0	0	4	1	3	0.8	1.64972333333333	"(0,5]"	8.16476122963333	0.12	0.333333333333333	"(0.267,0.333]"	-1	9.48637384723993e-09	NA	0.05	7251	93
"214406"	"chr8:144651611-144651784_-"	0.4	NA	NA	1	NA	NA	NA	NA	NA	NA	NA	NA	NA	1	NA	1	0	1	0	0	0	0	0	1	0	0	1	0	0	0	4.94917	0	10.76346	0	0	0	0	0	6.88334	0	0	9.51154	0	0	0	4	1	3	0.8	1.64972333333333	"(0,5]"	8.16476122963333	0.12	0.333333333333333	"(0.267,0.333]"	-1	9.48637384723993e-09	NA	0.05	7251	94
"234558"	"chrX:2729377-2729493_+"	NA	NA	NA	NA	NA	NA	NA	NA	1	NA	NA	NA	NA	0.92462	1	0	0	0	0	0	0	0	0	0	0	0	0	0	1	0	0	0	0	0	0	0	0	0	0	0	0	0	0	34.9673	0	1	1	3	0.974873333333333	11.6557666666667	"(10,15]"	407.570689763333	0.00189404813333333	0.333333333333333	"(0.267,0.333]"	-1	9.48637384723993e-09	NA	0.05	7251	95
"90465"	"chr19:15350203-15350333_-"	0.7265	1	NA	1	1	1	NA	0.95577	1	1	1	1	NA	NA	NA	1	0	0	0	0	0	0	0	0	0	0	0	0	0	0	7.43107	0	0	0	0	0	0	0	0	0	0	0	0	0	0	1	1	10	0.968227	0.743107	"(0,5]"	5.52208013449	0.00740703417888889	0.1	"(0.0667,0.133]"	-0.986871207575083	1.27943596643308e-07	NA	0.05	7251	96
"90466"	"chr19:15350203-15350333_-"	0.7265	1	NA	1	1	1	NA	0.95577	1	1	1	1	NA	NA	NA	1	0	0	0	0	0	0	0	0	0	0	0	0	0	0	7.43107	0	0	0	0	0	0	0	0	0	0	0	0	0	0	1	1	10	0.968227	0.743107	"(0,5]"	5.52208013449	0.00740703417888889	0.1	"(0.0667,0.133]"	-0.986871207575083	1.27943596643308e-07	NA	0.05	7251	97
"90467"	"chr19:15350203-15350333_-"	0.7265	1	NA	1	1	1	NA	0.95577	1	1	1	1	NA	NA	NA	1	0	0	0	0	0	0	0	0	0	0	0	0	0	0	7.43107	0	0	0	0	0	0	0	0	0	0	0	0	0	0	1	1	10	0.968227	0.743107	"(0,5]"	5.52208013449	0.00740703417888889	0.1	"(0.0667,0.133]"	-0.986871207575083	1.27943596643308e-07	NA	0.05	7251	98
"90468"	"chr19:15350470-15350632_-"	0.68627	1	NA	1	1	1	NA	0.94462	1	1	1	1	NA	NA	NA	1	0	0	0	0	0	0	0	0	0	0	0	0	0	0	7.43107	0	0	0	0	0	0	0	0	0	0	0	0	0	0	1	1	10	0.963089	0.743107	"(0,5]"	5.52208013449	0.00976324867666666	0.1	"(0.0667,0.133]"	-0.984365106112252	2.56558375510247e-07	NA	0.05	7251	99
"90469"	"chr19:15350470-15350632_-"	0.68627	1	NA	1	1	1	NA	0.94462	1	1	1	1	NA	NA	NA	1	0	0	0	0	0	0	0	0	0	0	0	0	0	0	7.43107	0	0	0	0	0	0	0	0	0	0	0	0	0	0	1	1	10	0.963089	0.743107	"(0,5]"	5.52208013449	0.00976324867666666	0.1	"(0.0667,0.133]"	-0.984365106112252	2.56558375510247e-07	NA	0.05	7251	100
"90470"	"chr19:15350470-15350632_-"	0.68627	1	NA	1	1	1	NA	0.94462	1	1	1	1	NA	NA	NA	1	0	0	0	0	0	0	0	0	0	0	0	0	0	0	7.43107	0	0	0	0	0	0	0	0	0	0	0	0	0	0	1	1	10	0.963089	0.743107	"(0,5]"	5.52208013449	0.00976324867666666	0.1	"(0.0667,0.133]"	-0.984365106112252	2.56558375510247e-07	NA	0.05	7251	101
"90471"	"chr19:15350470-15350632_-"	0.68627	1	NA	1	1	1	NA	0.94462	1	1	1	1	NA	NA	NA	1	0	0	0	0	0	0	0	0	0	0	0	0	0	0	7.43107	0	0	0	0	0	0	0	0	0	0	0	0	0	0	1	1	10	0.963089	0.743107	"(0,5]"	5.52208013449	0.00976324867666666	0.1	"(0.0667,0.133]"	-0.984365106112252	2.56558375510247e-07	NA	0.05	7251	102
"67356"	"chr16:732953-733087_-"	0.94627	1	0.94371	0.93359	0.96852	0.9209	0.96577	0.93324	0.94479	0.93887	0.95808	0.92256	0.75469	0.94792	0.96026	0	0	0	0	0	0	0	0	0	0	0	0	1	0	0	0	0	0	0	0	0	0	0	0	0	0	0	6.77096	0	0	1	1	15	0.935944666666667	0.451397333333333	"(0,5]"	3.05639328810667	0.00291455151238095	0.0666666666666667	NA	-0.928797254601909	5.75157940740039e-07	NA	0.05	7251	103
"73065"	"chr17:36288631-36288740_+"	1	1	0.69444	1	1	1	1	1	1	1	1	1	1	0.86711	1	0	0	1	0	0	0	0	0	0	0	0	0	0	0	0	0	0	5.38173	0	0	0	0	0	0	0	0	0	0	0	0	1	1	15	0.97077	0.358782	"(0,5]"	1.93086785286	0.00701505515714286	0.0666666666666667	NA	-0.912704277322925	2.07881158445255e-06	NA	0.05	7251	104
"99979"	"chr19:55607630-55607703_-"	0.91304	0.95604	0.94634	1	1	1	1	1	1	1	1	1	1	1	0.96237	1	1	1	0	0	0	0	0	0	0	0	0	0	0	0	16.98964	10.94172	6.72716	0	0	0	0	0	0	0	0	0	0	0	0	3	3	15	0.985186	2.310568	"(0,5]"	26.6816370224457	0.000749865482857144	0.2	"(0.133,0.2]"	-0.911976029471944	2.19021204838586e-06	0.00118821630475564	0.05	7251	105
"99980"	"chr19:55607630-55607703_-"	0.91304	0.95604	0.94634	1	1	1	1	1	1	1	1	1	1	1	0.96237	1	1	1	0	0	0	0	0	0	0	0	0	0	0	0	16.98964	10.94172	6.72716	0	0	0	0	0	0	0	0	0	0	0	0	3	3	15	0.985186	2.310568	"(0,5]"	26.6816370224457	0.000749865482857144	0.2	"(0.133,0.2]"	-0.911976029471944	2.19021204838586e-06	0.00118821630475564	0.05	7251	106
"99981"	"chr19:55607630-55607703_-"	0.91304	0.95604	0.94634	1	1	1	1	1	1	1	1	1	1	1	0.96237	1	1	1	0	0	0	0	0	0	0	0	0	0	0	0	16.98964	10.94172	6.72716	0	0	0	0	0	0	0	0	0	0	0	0	3	3	15	0.985186	2.310568	"(0,5]"	26.6816370224457	0.000749865482857144	0.2	"(0.133,0.2]"	-0.911976029471944	2.19021204838586e-06	0.00118821630475564	0.05	7251	107
"99982"	"chr19:55607630-55607703_-"	0.91304	0.95604	0.94634	1	1	1	1	1	1	1	1	1	1	1	0.96237	1	1	1	0	0	0	0	0	0	0	0	0	0	0	0	16.98964	10.94172	6.72716	0	0	0	0	0	0	0	0	0	0	0	0	3	3	15	0.985186	2.310568	"(0,5]"	26.6816370224457	0.000749865482857144	0.2	"(0.133,0.2]"	-0.911976029471944	2.19021204838586e-06	0.00118821630475564	0.05	7251	108
"99983"	"chr19:55607630-55607703_-"	0.91304	0.95604	0.94634	1	1	1	1	1	1	1	1	1	1	1	0.96237	1	1	1	0	0	0	0	0	0	0	0	0	0	0	0	16.98964	10.94172	6.72716	0	0	0	0	0	0	0	0	0	0	0	0	3	3	15	0.985186	2.310568	"(0,5]"	26.6816370224457	0.000749865482857144	0.2	"(0.133,0.2]"	-0.911976029471944	2.19021204838586e-06	0.00118821630475564	0.05	7251	109
"18196"	"chr11:64627396-64627808_-"	1	1	1	1	0.95335	1	0.88699	1	1	1	1	0.97288	1	1	1	0	0	0	0	0	0	1	0	0	0	0	0	0	0	0	0	0	0	0	0	0	6.98556	0	0	0	0	0	0	0	0	1	1	15	0.987548	0.465704	"(0,5]"	3.25320323424	0.000954085174285715	0.0666666666666667	NA	-0.90061805105852	4.68672534695112e-06	NA	0.05	7251	110
"102172"	"chr19:871926-872118_-"	1	1	1	1	0.95062	1	1	0.97576	0.88498	1	0.97125	1	1	1	1	0	0	0	0	0	0	0	0	1	0	0	0	0	0	0	0	0	0	0	0	0	0	0	4.68748	0	0	0	0	0	0	1	1	15	0.985507333333333	0.312498666666667	"(0,5]"	1.46483125002667	0.000995111720952381	0.0666666666666667	NA	-0.881588335536399	1.39588950331086e-05	NA	0.05	7251	111
"102173"	"chr19:871926-872118_-"	1	1	1	1	0.95062	1	1	0.97576	0.88498	1	0.97125	1	1	1	1	0	0	0	0	0	0	0	0	1	0	0	0	0	0	0	0	0	0	0	0	0	0	0	4.68748	0	0	0	0	0	0	1	1	15	0.985507333333333	0.312498666666667	"(0,5]"	1.46483125002667	0.000995111720952381	0.0666666666666667	NA	-0.881588335536399	1.39588950331086e-05	NA	0.05	7251	112
"48586"	"chr14:93684873-93685081_+"	1	1	1	1	1	1	0.98664	1	1	1	1	1	1	1	1	1	1	1	1	1	1	1	1	1	1	1	1	1	1	1	33.37152	29.91197	18.47228	23.84304	30.20857	40.05788	87.06461	28.10502	36.49539	24.38201	38.76156	35.72724	16.38307	31.45469	11.45141	15	15	15	0.999109333333333	32.3793506666667	"(30,35]"	298.094433117935	1.18993066666667e-05	1	"(0.933,1]"	-0.876215511194114	1.83770814585825e-05	NA	0.05	7251	113
"48587"	"chr14:93684873-93685081_+"	1	1	1	1	1	1	0.98664	1	1	1	1	1	1	1	1	1	1	1	1	1	1	1	1	1	1	1	1	1	1	1	33.37152	29.91197	18.47228	23.84304	30.20857	40.05788	87.06461	28.10502	36.49539	24.38201	38.76156	35.72724	16.38307	31.45469	11.45141	15	15	15	0.999109333333333	32.3793506666667	"(30,35]"	298.094433117935	1.18993066666667e-05	1	"(0.933,1]"	-0.876215511194114	1.83770814585825e-05	NA	0.05	7251	114
"181174"	"chr5:122893189-122893258_+"	0.84685	1	1	1	1	0.97458	1	0.94643	0.93381	1	1	1	1	1	1	1	0	0	0	0	0	0	0	0	0	0	0	0	0	0	6.62383	0	0	0	0	0	0	0	0	0	0	0	0	0	0	1	1	15	0.980111333333333	0.441588666666667	"(0,5]"	2.92500825792667	0.00181561242666667	0.0666666666666667	NA	-0.865187377649607	3.11290101220573e-05	NA	0.05	7251	115
"193321"	"chr6:167344532-167344606_-"	1	0.98848	0.98709	1	1	1	0.99273	1	0.98746	1	1	1	1	1	1	0	1	1	0	0	0	1	0	1	0	0	0	0	0	0	0	12.47621	6.40254	0	0	0	8.34756	0	4.35266	0	0	0	0	0	0	4	4	15	0.997050666666667	2.10526466666667	"(0,5]"	15.6281179781552	2.70717495238095e-05	0.266666666666667	"(0.2,0.267]"	-0.863004307564015	3.43655930727331e-05	0.000315238622469467	0.05	7251	116
"80963"	"chr17:7318830-7319426_+"	1	0.75806	1	1	1	1	NA	1	1	1	1	1	1	1	1	0	1	1	0	0	1	1	0	0	0	0	0	0	0	0	0	21.80945	9.41803	0	0	6.85461	17.34863	0	0	0	0	0	0	0	0	4	3	14	0.982718571428571	2.72014928571429	"(0,5]"	39.0575466710379	0.00418106882857143	0.214285714285714	"(0.2,0.267]"	-0.879140332648103	3.45111685738695e-05	0.0817227522986593	0.05	7251	117
"91075"	"chr19:17531347-17531443_+"	1	1	1	1	1	1	0.90517	1	1	1	1	1	1	1	1	1	1	0	0	1	1	1	0	1	1	1	1	1	1	0	12.54498	7.47799	0	0	7.31274	6.44351	45.68205	0	12.29376	7.53253	8.3711	21.06908	9.70849	11.65577	0	11	11	15	0.993678	10.0061333333333	"(10,15]"	131.804979697995	0.00059951526	0.733333333333333	"(0.667,0.733]"	-0.859660209627971	3.98604694408666e-05	0.651076634077834	0.05	7251	118
"113825"	"chr1:201465320-201465432_-"	1	0.89324	0.93873	0.99146	1	1	1	0.99225	0.99607	0.99711	0.99795	0.9936	1	1	0.99657	0	1	0	0	0	0	0	0	0	0	0	0	0	0	0	0	7.81462	0	0	0	0	0	0	0	0	0	0	0	0	0	1	1	15	0.986465333333333	0.520974666666667	"(0,5]"	4.07121904962667	0.000901258640952381	0.0666666666666667	NA	-0.859066567711943	4.09079449709453e-05	NA	0.05	7251	119
"90403"	"chr19:15289634-15289752_-"	1	NA	NA	1	1	1	NA	0.96281	1	1	1	NA	NA	1	1	0	0	1	0	0	0	0	1	1	0	0	0	0	0	0	0	0	111.67089	0	0	0	0	68.98415	25.14355	0	0	0	0	0	0	3	2	10	0.996281	9.41277	"(5,10]"	500.556518566222	0.00013830961	0.2	"(0.133,0.2]"	-0.935553420006673	6.97892598043408e-05	NA	0.05	7251	120
"34703"	"chr12:6439764-6439877_-"	0.95037	1	1	0.99246	0.99345	0.99753	1	0.99009	1	0.99674	0.99546	0.97139	1	0.99285	0.9964	1	0	0	0	0	0	0	0	0	0	0	0	0	0	0	6.22953	0	0	0	0	0	0	0	0	0	0	0	0	0	0	1	1	15	0.991782666666667	0.415302	"(0,5]"	2.58713626806	0.000183441806666666	0.0666666666666667	NA	-0.84586612163692	7.08021005197355e-05	NA	0.05	7251	121
"34704"	"chr12:6439764-6439877_-"	0.95037	1	1	0.99246	0.99345	0.99753	1	0.99009	1	0.99674	0.99546	0.97139	1	0.99285	0.9964	1	0	0	0	0	0	0	0	0	0	0	0	0	0	0	6.22953	0	0	0	0	0	0	0	0	0	0	0	0	0	0	1	1	15	0.991782666666667	0.415302	"(0,5]"	2.58713626806	0.000183441806666666	0.0666666666666667	NA	-0.84586612163692	7.08021005197355e-05	NA	0.05	7251	122
"34705"	"chr12:6439764-6439877_-"	0.95037	1	1	0.99246	0.99345	0.99753	1	0.99009	1	0.99674	0.99546	0.97139	1	0.99285	0.9964	1	0	0	0	0	0	0	0	0	0	0	0	0	0	0	6.22953	0	0	0	0	0	0	0	0	0	0	0	0	0	0	1	1	15	0.991782666666667	0.415302	"(0,5]"	2.58713626806	0.000183441806666666	0.0666666666666667	NA	-0.84586612163692	7.08021005197355e-05	NA	0.05	7251	123
"182750"	"chr5:140021455-140021638_+"	0.97143	0.5942	0.90598	0.84058	1	1	1	0.92513	0.88679	1	1	0.93421	0.84615	1	1	0	1	0	0	0	0	0	0	0	0	0	0	0	0	0	0	6.87439	0	0	0	0	0	0	0	0	0	0	0	0	0	1	1	15	0.926964666666667	0.458292666666667	"(0,5]"	3.15048252480667	0.0118680107552381	0.0666666666666667	NA	-0.845017755474639	7.32159963625559e-05	NA	0.05	7251	124
"182751"	"chr5:140021455-140021638_+"	0.97143	0.5942	0.90598	0.84058	1	1	1	0.92513	0.88679	1	1	0.93421	0.84615	1	1	0	1	0	0	0	0	0	0	0	0	0	0	0	0	0	0	6.87439	0	0	0	0	0	0	0	0	0	0	0	0	0	1	1	15	0.926964666666667	0.458292666666667	"(0,5]"	3.15048252480667	0.0118680107552381	0.0666666666666667	NA	-0.845017755474639	7.32159963625559e-05	NA	0.05	7251	125
"182752"	"chr5:140021455-140021638_+"	0.97143	0.5942	0.90598	0.84058	1	1	1	0.92513	0.88679	1	1	0.93421	0.84615	1	1	0	1	0	0	0	0	0	0	0	0	0	0	0	0	0	0	6.87439	0	0	0	0	0	0	0	0	0	0	0	0	0	1	1	15	0.926964666666667	0.458292666666667	"(0,5]"	3.15048252480667	0.0118680107552381	0.0666666666666667	NA	-0.845017755474639	7.32159963625559e-05	NA	0.05	7251	126
"182753"	"chr5:140021455-140021638_+"	0.97143	0.5942	0.90598	0.84058	1	1	1	0.92513	0.88679	1	1	0.93421	0.84615	1	1	0	1	0	0	0	0	0	0	0	0	0	0	0	0	0	0	6.87439	0	0	0	0	0	0	0	0	0	0	0	0	0	1	1	15	0.926964666666667	0.458292666666667	"(0,5]"	3.15048252480667	0.0118680107552381	0.0666666666666667	NA	-0.845017755474639	7.32159963625559e-05	NA	0.05	7251	127
"18845"	"chr11:65359447-65359561_+"	0.70186	1	1	1	1	1	1	1	1	1	1	0.92265	1	1	1	1	0	0	0	0	0	0	0	0	0	0	1	0	2	0	13.15153	0	0	0	0	0	0	0	0	0	0	9.26528	0	7.04452027717134	0	4	4	15	0.974967333333333	1.96408868514476	"(0,5]"	17.897768236291	0.00610506900666667	0.2	"(0.133,0.2]"	-0.842773504396078	7.99310005877607e-05	0.00502054325052759	0.05	7251	128
"26203"	"chr12:122616839-122616930_+"	0.82738	0.78109	1	1	1	1	1	0.94074	1	1	1	0.93238	1	1	1	1	1	0	0	0	0	0	0	0	0	0	1	0	0	0	17.91181	9.78996	0	0	0	0	0	0	0	0	0	12.00227	0	0	0	3	3	15	0.965439333333333	2.646936	"(0,5]"	32.54547761494	0.00484906209238095	0.2	"(0.133,0.2]"	-0.840482140190739	8.73029290747072e-05	0.00118821630475564	0.05	7251	129
"33913"	"chr12:57891940-57892056_+"	0.98936	1	1	1	1	1	1	1	1	1	0.99339	1	1	1	1	1	0	0	0	0	0	0	0	0	0	0	0	0	0	0	14.24321	0	0	0	0	0	0	0	0	0	0	0	0	0	0	1	1	15	0.99885	0.949547333333333	"(0,5]"	13.5246020736067	9.79029999999998e-06	0.0666666666666667	NA	-0.839046067632989	9.22023394640386e-05	NA	0.05	7251	130
"33914"	"chr12:57891940-57892056_+"	0.98936	1	1	1	1	1	1	1	1	1	0.99339	1	1	1	1	1	0	0	0	0	0	0	0	0	0	0	0	0	0	0	14.24321	0	0	0	0	0	0	0	0	0	0	0	0	0	0	1	1	15	0.99885	0.949547333333333	"(0,5]"	13.5246020736067	9.79029999999998e-06	0.0666666666666667	NA	-0.839046067632989	9.22023394640386e-05	NA	0.05	7251	131
"5045"	"chr10:48270456-48270592_+"	NA	NA	NA	1	NA	0.4958	NA	NA	NA	NA	NA	NA	1	0.992	NA	0	0	1	0	0	1	0	0	0	0	0	0	0	0	0	0	0	9.41803	0	0	10.34431	0	0	0	0	0	0	0	0	0	2	1	4	0.87195	2.5860775	"(0,5]"	26.751187344025	0.0628981433333333	0.25	"(0.2,0.267]"	-0.999886936040364	0.000113063959635956	NA	0.05	7251	132
"134952"	"chr21:47735388-47735461_-"	0.96235	1	1	1	1	1	1	1	1	NA	1	1	1	NA	NA	1	0	1	0	0	0	0	0	0	0	0	0	0	0	0	18.94384	0	9.41803	0	0	0	0	0	0	0	0	0	0	0	0	2	2	12	0.9968625	2.36348916666667	"(0,5]"	34.5941264122811	0.000118126875	0.166666666666667	"(0.133,0.2]"	-0.887749568001944	0.000115920436906655	NA	0.05	7251	133
"134953"	"chr21:47735388-47735461_-"	0.96235	1	1	1	1	1	1	1	1	NA	1	1	1	NA	NA	1	0	1	0	0	0	0	0	0	0	0	0	0	0	0	18.94384	0	9.41803	0	0	0	0	0	0	0	0	0	0	0	0	2	2	12	0.9968625	2.36348916666667	"(0,5]"	34.5941264122811	0.000118126875	0.166666666666667	"(0.133,0.2]"	-0.887749568001944	0.000115920436906655	NA	0.05	7251	134
"134950"	"chr21:47734630-47734794_-"	0.91424	1	1	1	1	1	1	1	1	NA	1	1	1	NA	NA	1	0	1	0	0	0	0	0	0	0	0	0	0	0	0	18.94384	0	9.41803	0	0	0	0	0	0	0	0	0	0	0	0	2	2	12	0.992853333333333	2.36348916666667	"(0,5]"	34.5941264122811	0.000612898133333333	0.166666666666667	"(0.133,0.2]"	-0.887749568001944	0.000115920436906655	NA	0.05	7251	135
"34701"	"chr12:6439433-6439461_-"	0.957	1	1	0.99144	0.99062	0.996	1	0.99165	1	0.99446	0.99257	0.97497	1	0.9901	0.99646	1	0	0	0	0	0	0	0	0	0	0	0	0	0	0	6.22953	0	0	0	0	0	0	0	0	0	0	0	0	0	0	1	1	15	0.991684666666667	0.415302	"(0,5]"	2.58713626806	0.00013441056952381	0.0666666666666667	NA	-0.827634161460737	0.000139788627165586	NA	0.05	7251	136
"34702"	"chr12:6439433-6439461_-"	0.957	1	1	0.99144	0.99062	0.996	1	0.99165	1	0.99446	0.99257	0.97497	1	0.9901	0.99646	1	0	0	0	0	0	0	0	0	0	0	0	0	0	0	6.22953	0	0	0	0	0	0	0	0	0	0	0	0	0	0	1	1	15	0.991684666666667	0.415302	"(0,5]"	2.58713626806	0.00013441056952381	0.0666666666666667	NA	-0.827634161460737	0.000139788627165586	NA	0.05	7251	137
"18842"	"chr11:65359271-65359344_+"	0.65714	1	1	1	1	1	1	1	1	1	1	0.9267	1	1	1	1	0	0	0	0	0	0	0	0	0	0	1	0	2	0	13.15153	0	0	0	0	0	0	0	0	0	0	9.26528	0	7.04452027717134	0	4	4	15	0.972256	1.96408868514476	"(0,5]"	17.897768236291	0.00795570904	0.2	"(0.133,0.2]"	-0.82737861606901	0.000141049038990872	0.00502054325052759	0.05	7251	138
"18843"	"chr11:65359271-65359344_+"	0.65714	1	1	1	1	1	1	1	1	1	1	0.9267	1	1	1	1	0	0	0	0	0	0	0	0	0	0	1	0	2	0	13.15153	0	0	0	0	0	0	0	0	0	0	9.26528	0	7.04452027717134	0	4	4	15	0.972256	1.96408868514476	"(0,5]"	17.897768236291	0.00795570904	0.2	"(0.133,0.2]"	-0.82737861606901	0.000141049038990872	0.00502054325052759	0.05	7251	139
"5042"	"chr10:48267171-48267229_+"	NA	NA	NA	1	NA	0.85428	NA	1	NA	NA	NA	NA	1	0.98945	NA	0	0	1	0	0	1	0	0	0	0	0	0	0	0	0	0	0	9.41803	0	0	15.98667	0	0	0	0	0	0	0	0	0	2	1	5	0.968746	3.197334	"(0,5]"	51.11472353778	0.00411538958	0.2	"(0.133,0.2]"	-0.997461267920027	0.000153494815487022	NA	0.05	7251	140
"5043"	"chr10:48267171-48267229_+"	NA	NA	NA	1	NA	0.85428	NA	1	NA	NA	NA	NA	1	0.98945	NA	0	0	1	0	0	1	0	0	0	0	0	0	0	0	0	0	0	9.41803	0	0	15.98667	0	0	0	0	0	0	0	0	0	2	1	5	0.968746	3.197334	"(0,5]"	51.11472353778	0.00411538958	0.2	"(0.133,0.2]"	-0.997461267920027	0.000153494815487022	NA	0.05	7251	141
"225029"	"chr9:139562693-139562814_+"	1	1	0.73803	1	0.96087	1	NA	0.92308	0.9239	1	1	0.50169	NA	1	NA	0	0	1	0	0	0	0	0	0	0	0	1	1	1	0	0	0	6.05445	0	0	0	0	0	0	0	0	10.83909	6.37616	5.06365	0	4	3	12	0.920630833333333	1.82976583333333	"(0,5]"	12.691479281372	0.0231442377174242	0.25	"(0.2,0.267]"	-0.879713128345998	0.000161519975639752	0.148938233384195	0.05	7251	142
"225030"	"chr9:139562693-139562814_+"	1	1	0.73803	1	0.96087	1	NA	0.92308	0.9239	1	1	0.50169	NA	1	NA	0	0	1	0	0	0	0	0	0	0	0	1	1	1	0	0	0	6.05445	0	0	0	0	0	0	0	0	10.83909	6.37616	5.06365	0	4	3	12	0.920630833333333	1.82976583333333	"(0,5]"	12.691479281372	0.0231442377174242	0.25	"(0.2,0.267]"	-0.879713128345998	0.000161519975639752	0.148938233384195	0.05	7251	143
"236791"	"chrX:55029395-55029541_+"	0.9759	1	1	1	1	1	1	1	0.99216	1	1	1	1	1	1	1	0	0	0	0	0	0	0	0	0	0	0	1	0	0	11.43607	0	0	0	0	0	0	0	0	0	0	0	6.0422	0	0	2	2	15	0.997870666666667	1.165218	"(0,5]"	10.4947059337171	4.10189066666667e-05	0.133333333333333	"(0.0667,0.133]"	-0.820704609352988	0.000177432063258768	NA	0.05	7251	144
"236792"	"chrX:55029395-55029541_+"	0.9759	1	1	1	1	1	1	1	0.99216	1	1	1	1	1	1	1	0	0	0	0	0	0	0	0	0	0	0	1	0	0	11.43607	0	0	0	0	0	0	0	0	0	0	0	6.0422	0	0	2	2	15	0.997870666666667	1.165218	"(0,5]"	10.4947059337171	4.10189066666667e-05	0.133333333333333	"(0.0667,0.133]"	-0.820704609352988	0.000177432063258768	NA	0.05	7251	145
"83433"	"chr17:79234038-79234194_-"	0.87072	1	1	1	0.97345	1	1	0.9322	0.98096	1	1	0.94755	1	1	1	1	0	0	0	0	0	0	0	0	0	0	0	0	0	0	7.758	0	0	0	0	0	0	0	0	0	0	0	0	0	0	1	1	15	0.980325333333333	0.5172	"(0,5]"	4.0124376	0.00138015695523809	0.0666666666666667	NA	-0.816178296220508	0.00020623680363849	NA	0.05	7251	146
"54120"	"chr15:65042542-65042580_-"	0.95626	NA	NA	1	1	1	NA	1	1	1	NA	1	NA	NA	1	1	1	1	0	1	1	0	1	1	1	1	1	0	1	1	29.29136	17.21799	25.56322	0	6.31596	6.3648	0	5.88706	10.71424	9.15753	11.12707	6.1722	0	8.17784	7.76369	12	8	9	0.99514	9.07409333333333	"(5,10]"	66.127122148875	0.0002125764	0.888888888888889	"(0.867,0.933]"	-0.932317628194197	0.000248468921658319	NA	0.05	7251	147
"54121"	"chr15:65042542-65042580_-"	0.95626	NA	NA	1	1	1	NA	1	1	1	NA	1	NA	NA	1	1	1	1	0	1	1	0	1	1	1	1	1	0	1	1	29.29136	17.21799	25.56322	0	6.31596	6.3648	0	5.88706	10.71424	9.15753	11.12707	6.1722	0	8.17784	7.76369	12	8	9	0.99514	9.07409333333333	"(5,10]"	66.127122148875	0.0002125764	0.888888888888889	"(0.867,0.933]"	-0.932317628194197	0.000248468921658319	NA	0.05	7251	148
"137009"	"chr22:29755813-29755948_-"	1	1	1	1	1	1	1	1	1	1	0.98905	0.9846	1	1	1	1	1	0	1	1	1	1	1	1	1	1	1	1	1	1	23.08382	38.82011	0	16.36817	28.67254	15.29106	19.47764	19.24529	20.11484	45.11251	57.80046	69.26575	13.59495	21.25799	32.99567	14	14	15	0.998243333333333	28.0733866666667	"(25,30]"	328.254820966495	2.21981666666666e-05	0.933333333333333	"(0.867,0.933]"	-0.803196881062346	0.000310792502603317	NA	0.05	7251	149
"126991"	"chr1:986106-986217_+"	0.86376	1	1	1	1	1	1	1	1	1	1	1	1	1	1	1	1	0	0	0	0	1	0	0	0	0	0	0	0	0	16.10066	9.78996	0	0	0	0	6.67805	0	0	0	0	0	0	0	0	3	3	15	0.990917333333333	2.17124466666667	"(0,5]"	23.4968835715552	0.00123742250666667	0.2	"(0.133,0.2]"	-0.794960132720416	0.00039715018362907	0.0667530151696345	0.05	7251	150
"126992"	"chr1:986106-986217_+"	0.86376	1	1	1	1	1	1	1	1	1	1	1	1	1	1	1	1	0	0	0	0	1	0	0	0	0	0	0	0	0	16.10066	9.78996	0	0	0	0	6.67805	0	0	0	0	0	0	0	0	3	3	15	0.990917333333333	2.17124466666667	"(0,5]"	23.4968835715552	0.00123742250666667	0.2	"(0.133,0.2]"	-0.794960132720416	0.00039715018362907	0.0667530151696345	0.05	7251	151
"126993"	"chr1:986106-986217_+"	0.86376	1	1	1	1	1	1	1	1	1	1	1	1	1	1	1	1	0	0	0	0	1	0	0	0	0	0	0	0	0	16.10066	9.78996	0	0	0	0	6.67805	0	0	0	0	0	0	0	0	3	3	15	0.990917333333333	2.17124466666667	"(0,5]"	23.4968835715552	0.00123742250666667	0.2	"(0.133,0.2]"	-0.794960132720416	0.00039715018362907	0.0667530151696345	0.05	7251	152
"126994"	"chr1:986106-986217_+"	0.86376	1	1	1	1	1	1	1	1	1	1	1	1	1	1	1	1	0	0	0	0	1	0	0	0	0	0	0	0	0	16.10066	9.78996	0	0	0	0	6.67805	0	0	0	0	0	0	0	0	3	3	15	0.990917333333333	2.17124466666667	"(0,5]"	23.4968835715552	0.00123742250666667	0.2	"(0.133,0.2]"	-0.794960132720416	0.00039715018362907	0.0667530151696345	0.05	7251	153
"126988"	"chr1:985807-985971_+"	0.8731	1	1	1	1	1	1	1	1	1	1	1	1	1	1	1	1	0	0	0	0	1	0	0	0	0	0	0	0	0	16.10066	9.78996	0	0	0	0	6.67805	0	0	0	0	0	0	0	0	3	3	15	0.99154	2.17124466666667	"(0,5]"	23.4968835715552	0.001073574	0.2	"(0.133,0.2]"	-0.794960132720416	0.000397150183629072	0.0667530151696345	0.05	7251	154
"126989"	"chr1:985807-985971_+"	0.8731	1	1	1	1	1	1	1	1	1	1	1	1	1	1	1	1	0	0	0	0	1	0	0	0	0	0	0	0	0	16.10066	9.78996	0	0	0	0	6.67805	0	0	0	0	0	0	0	0	3	3	15	0.99154	2.17124466666667	"(0,5]"	23.4968835715552	0.001073574	0.2	"(0.133,0.2]"	-0.794960132720416	0.000397150183629072	0.0667530151696345	0.05	7251	155
"126990"	"chr1:985807-985971_+"	0.8731	1	1	1	1	1	1	1	1	1	1	1	1	1	1	1	1	0	0	0	0	1	0	0	0	0	0	0	0	0	16.10066	9.78996	0	0	0	0	6.67805	0	0	0	0	0	0	0	0	3	3	15	0.99154	2.17124466666667	"(0,5]"	23.4968835715552	0.001073574	0.2	"(0.133,0.2]"	-0.794960132720416	0.000397150183629072	0.0667530151696345	0.05	7251	156
"206764"	"chr7:16840775-16840827_-"	NA	1	NA	0.99874	NA	0.98731	NA	NA	NA	NA	NA	NA	1	1	NA	0	0	0	0	0	1	0	1	1	0	1	0	0	0	0	0	0	0	0	0	21.6184	0	18.91347	14.19551	0	22.37242	0	0	0	0	4	1	5	0.99721	4.32368	"(0,5]"	93.471043712	3.09257999999999e-05	0.2	"(0.133,0.2]"	-0.995175633566678	0.00040195715096245	NA	0.05	7251	157
"131961"	"chr20:60904194-60904309_-"	0.89474	0.85654	1	1	0.97959	1	NA	1	1	1	NA	0.89744	1	1	1	1	1	0	0	0	0	1	0	0	0	0	0	0	0	0	7.43107	8.59695	0	0	0	0	7.0363	0	0	0	0	0	0	0	0	3	2	13	0.971408461538461	1.23292461538462	"(0,5]"	9.11391752112692	0.0026640309974359	0.153846153846154	"(0.133,0.2]"	-0.832825679429624	0.000408897166919255	NA	0.05	7251	158
"131962"	"chr20:60904194-60904309_-"	0.89474	0.85654	1	1	0.97959	1	NA	1	1	1	NA	0.89744	1	1	1	1	1	0	0	0	0	1	0	0	0	0	0	0	0	0	7.43107	8.59695	0	0	0	0	7.0363	0	0	0	0	0	0	0	0	3	2	13	0.971408461538461	1.23292461538462	"(0,5]"	9.11391752112692	0.0026640309974359	0.153846153846154	"(0.133,0.2]"	-0.832825679429624	0.000408897166919255	NA	0.05	7251	159
"131963"	"chr20:60904194-60904309_-"	0.89474	0.85654	1	1	0.97959	1	NA	1	1	1	NA	0.89744	1	1	1	1	1	0	0	0	0	1	0	0	0	0	0	0	0	0	7.43107	8.59695	0	0	0	0	7.0363	0	0	0	0	0	0	0	0	3	2	13	0.971408461538461	1.23292461538462	"(0,5]"	9.11391752112692	0.0026640309974359	0.153846153846154	"(0.133,0.2]"	-0.832825679429624	0.000408897166919255	NA	0.05	7251	160
"122837"	"chr1:45480612-45480678_+"	1	1	0.98599	1	1	1	1	0.99363	1	0.99616	1	0.99536	1	0.9962	0.99374	0	0	1	0	0	0	0	0	0	0	0	0	0	0	0	0	0	34.68943	0	0	0	0	0	0	0	0	0	0	0	0	1	1	15	0.997405333333333	2.31262866666667	"(0,5]"	80.2237702483267	1.61268123809523e-05	0.0666666666666667	NA	-0.786379031664145	0.000507005608886466	NA	0.05	7251	161
"59421"	"chr16:19639016-19639127_+"	1	NA	1	0.52852	1	1	1	1	1	1	1	1	1	1	1	0	0	0	1	0	0	0	0	0	0	0	0	0	0	1	0	0	0	8.31214	0	0	0	0	0	0	0	0	0	0	5.82276	2	2	14	0.966322857142857	1.00963571428571	"(0,5]"	6.82500811841099	0.0158780993142857	0.142857142857143	"(0.133,0.2]"	-0.804527511770259	0.000520940263068674	NA	0.05	7251	162
"59422"	"chr16:19639016-19639127_+"	1	NA	1	0.52852	1	1	1	1	1	1	1	1	1	1	1	0	0	0	1	0	0	0	0	0	0	0	0	0	0	1	0	0	0	8.31214	0	0	0	0	0	0	0	0	0	0	5.82276	2	2	14	0.966322857142857	1.00963571428571	"(0,5]"	6.82500811841099	0.0158780993142857	0.142857142857143	"(0.133,0.2]"	-0.804527511770259	0.000520940263068674	NA	0.05	7251	163
"74305"	"chr17:39967115-39967286_-"	1	1	1	1	1	0.98722	NA	0.97799	0.97254	0.99129	0.99455	0.98896	1	0.85906	0.95707	0	0	0	0	0	0	0	0	0	0	1	0	0	1	0	0	0	0	0	0	0	0	0	0	0	4.71277	0	0	8.74183	0	2	2	14	0.98062	0.961042857142857	"(0,5]"	6.59225735354506	0.00139062732307692	0.142857142857143	"(0.133,0.2]"	-0.801000563147999	0.000575215634115045	NA	0.05	7251	164
"68991"	"chr16:89958601-89958683_+"	0.93194	1	0.95726	1	1	1	0.97126	1	1	1	1	0.99194	1	0.98537	1	1	0	0	0	0	0	0	0	0	0	0	0	0	0	0	5.09689	0	0	0	0	0	0	0	0	0	0	0	0	0	0	1	1	15	0.989184666666667	0.339792666666667	"(0,5]"	1.73188584480667	0.000414949126666667	0.0666666666666667	NA	-0.777419083653781	0.000646928198338013	NA	0.05	7251	165
"104821"	"chr1:120510700-120510855_-"	1	1	NA	0.96346	0.96831	1	NA	1	1	1	1	1	1	1	1	1	1	1	0	0	1	1	1	1	1	1	1	1	1	1	19.52749	33.9676	21.56069	0	0	23.78436	63.47397	11.24396	24.57495	27.0105	24.31606	39.06713	32.77146	22.54088	28.0011	13	11	13	0.994751538461538	22.0619607692308	"(20,25]"	143.073318733358	0.000165110430769231	0.846153846153846	"(0.8,0.867]"	0.816153133540351	0.00066667031826495	NA	0.05	7251	166
"104822"	"chr1:120510700-120510855_-"	1	1	NA	0.96346	0.96831	1	NA	1	1	1	1	1	1	1	1	1	1	1	0	0	1	1	1	1	1	1	1	1	1	1	19.52749	33.9676	21.56069	0	0	23.78436	63.47397	11.24396	24.57495	27.0105	24.31606	39.06713	32.77146	22.54088	28.0011	13	11	13	0.994751538461538	22.0619607692308	"(20,25]"	143.073318733358	0.000165110430769231	0.846153846153846	"(0.8,0.867]"	0.816153133540351	0.00066667031826495	NA	0.05	7251	167
"34700"	"chr12:6438944-6439232_-"	0.94308	1	1	0.9636	1	0.99083	1	0.99593	0.99516	1	1	0.97702	1	0.98555	0.99431	1	0	0	0	0	0	0	0	0	0	0	0	0	0	0	6.22953	0	0	0	0	0	0	0	0	0	0	0	0	0	0	1	1	15	0.989698666666667	0.415302	"(0,5]"	2.58713626806	0.000276173055238095	0.0666666666666667	NA	-0.776044793894563	0.000670923446287646	NA	0.05	7251	168
"126985"	"chr1:985613-985709_+"	0.83871	1	1	1	1	1	1	1	1	1	1	1	NA	1	1	1	1	0	0	0	0	1	0	0	0	0	0	0	0	0	16.10066	9.78996	0	0	0	0	6.67805	0	0	0	0	0	0	0	0	3	3	14	0.988479285714286	2.32633357142857	"(0,5]"	24.9157946647632	0.00185817600714286	0.214285714285714	"(0.2,0.267]"	-0.794243491771804	0.000691857592612158	0.0817227522986593	0.05	7251	169
"126986"	"chr1:985613-985709_+"	0.83871	1	1	1	1	1	1	1	1	1	1	1	NA	1	1	1	1	0	0	0	0	1	0	0	0	0	0	0	0	0	16.10066	9.78996	0	0	0	0	6.67805	0	0	0	0	0	0	0	0	3	3	14	0.988479285714286	2.32633357142857	"(0,5]"	24.9157946647632	0.00185817600714286	0.214285714285714	"(0.2,0.267]"	-0.794243491771804	0.000691857592612158	0.0817227522986593	0.05	7251	170
"126987"	"chr1:985613-985709_+"	0.83871	1	1	1	1	1	1	1	1	1	1	1	NA	1	1	1	1	0	0	0	0	1	0	0	0	0	0	0	0	0	16.10066	9.78996	0	0	0	0	6.67805	0	0	0	0	0	0	0	0	3	3	14	0.988479285714286	2.32633357142857	"(0,5]"	24.9157946647632	0.00185817600714286	0.214285714285714	"(0.2,0.267]"	-0.794243491771804	0.000691857592612158	0.0817227522986593	0.05	7251	171
"34490"	"chr12:6094729-6094831_-"	0.48485	NA	NA	NA	1	NA	NA	NA	NA	NA	NA	0.99935	NA	NA	NA	1	0	0	0	0	0	0	0	0	0	0	0	0	0	0	9.73143	0	0	0	0	0	0	0	0	0	0	0	0	0	0	1	1	3	0.828066666666667	3.24381	"(0,5]"	31.5669099483	0.0883483658333333	0.333333333333333	"(0.267,0.333]"	-0.999999402224192	0.000696088261473936	NA	0.05	7251	172
"34491"	"chr12:6094729-6094831_-"	0.48485	NA	NA	NA	1	NA	NA	NA	NA	NA	NA	0.99935	NA	NA	NA	1	0	0	0	0	0	0	0	0	0	0	0	0	0	0	9.73143	0	0	0	0	0	0	0	0	0	0	0	0	0	0	1	1	3	0.828066666666667	3.24381	"(0,5]"	31.5669099483	0.0883483658333333	0.333333333333333	"(0.267,0.333]"	-0.999999402224192	0.000696088261473936	NA	0.05	7251	173
"34489"	"chr12:6094211-6094285_-"	0.55263	NA	NA	NA	1	NA	NA	NA	NA	NA	NA	0.99943	NA	NA	NA	1	0	0	0	0	0	0	0	0	0	0	0	0	0	0	9.73143	0	0	0	0	0	0	0	0	0	0	0	0	0	0	1	1	3	0.850686666666667	3.24381	"(0,5]"	31.5669099483	0.0666284136333334	0.333333333333333	"(0.267,0.333]"	-0.999999390462565	0.000702902899168092	NA	0.05	7251	174
"126770"	"chr1:970657-970704_+"	0.91948	1	1	1	1	1	1	1	1	1	1	1	1	1	1	1	1	1	0	0	0	0	0	0	0	0	0	0	0	0	12.28611	7.59598	6.05445	0	0	0	0	0	0	0	0	0	0	0	0	3	3	15	0.994632	1.72910266666667	"(0,5]"	14.318345386921	0.00043223136	0.2	"(0.133,0.2]"	-0.771812841190433	0.000749395887481324	0.0667530151696345	0.05	7251	175
"222895"	"chr9:130982267-130982365_+"	1	NA	0.91398	1	1	0.95918	NA	1	0.98087	1	1	NA	NA	NA	1	0	0	1	0	0	0	1	0	0	0	0	0	0	0	0	0	0	7.4772	0	0	0	16.63125	0	0	0	0	0	0	0	0	2	1	10	0.985403	0.74772	"(0,5]"	5.590851984	0.000811216178888888	0.1	"(0.0667,0.133]"	-0.881104210858448	0.000755605222278541	NA	0.05	7251	176
"222896"	"chr9:130982267-130982365_+"	1	NA	0.91398	1	1	0.95918	NA	1	0.98087	1	1	NA	NA	NA	1	0	0	1	0	0	0	1	0	0	0	0	0	0	0	0	0	0	7.4772	0	0	0	16.63125	0	0	0	0	0	0	0	0	2	1	10	0.985403	0.74772	"(0,5]"	5.590851984	0.000811216178888888	0.1	"(0.0667,0.133]"	-0.881104210858448	0.000755605222278541	NA	0.05	7251	177
"197932"	"chr6:37138757-37138807_+"	1	1	1	1	1	1	1	1	0.97783	1	1	1	1	1	1	0	0	0	0	0	0	0	0	1	0	0	0	0	0	1	0	0	0	0	0	0	0	0	11.38388	0	0	0	0	0	9.10852	2	2	15	0.998522	1.36616	"(0,5]"	13.1829973757714	3.27672600000001e-05	0.133333333333333	"(0.0667,0.133]"	-0.763272121061139	0.00093049115108572	NA	0.05	7251	178
"197933"	"chr6:37138757-37138807_+"	1	1	1	1	1	1	1	1	0.97783	1	1	1	1	1	1	0	0	0	0	0	0	0	0	1	0	0	0	0	0	1	0	0	0	0	0	0	0	0	11.38388	0	0	0	0	0	9.10852	2	2	15	0.998522	1.36616	"(0,5]"	13.1829973757714	3.27672600000001e-05	0.133333333333333	"(0.0667,0.133]"	-0.763272121061139	0.00093049115108572	NA	0.05	7251	179
"133089"	"chr21:28213317-28213484_-"	1	NA	NA	NA	1	NA	NA	0.99551	0.98983	1	1	1	1	0.9925	0.99581	0	0	0	0	0	0	0	0	1	0	0	0	0	1	0	0	0	0	0	0	0	0	0	9.70355	0	0	0	0	5.0994	0	2	2	10	0.997365	1.480295	"(0,5]"	10.91667001025	1.42180944444444e-05	0.2	"(0.133,0.2]"	-0.873342367795837	0.000963651137421044	NA	0.05	7251	180
"229545"	"chr9:95005498-95005593_-"	1	1	0.97491	0.98206	1	0.99026	1	1	1	1	1	1	0.9814	1	1	1	1	0	1	1	1	1	1	1	2	1	1	0	1	1	17.33917	18.03398	0	9.36254	9.46645	7.57014	21.7827	19.02968	28.51101	24.8842541094146	25.06464	25.37458	0	6.3022	24.90941	14	14	15	0.995242	15.842050273961	"(15,20]"	92.6365144322081	7.51857742857139e-05	0.866666666666667	"(0.8,0.867]"	0.760834777548173	0.000988202188455745	NA	0.05	7251	181
"131835"	"chr20:60885958-60886150_-"	0.91314	0.78205	NA	1	1	1	NA	1	1	NA	NA	0.91696	NA	1	1	0	1	0	0	0	0	0	0	0	0	0	0	0	0	0	0	10.59512	0	0	0	0	0	0	0	0	0	0	0	0	0	1	1	10	0.961215	1.059512	"(0,5]"	11.22565678144	0.00521108238333333	0.1	"(0.0667,0.133]"	-0.872060659348768	0.00100163695912441	NA	0.05	7251	182
"131836"	"chr20:60885958-60886150_-"	0.91314	0.78205	NA	1	1	1	NA	1	1	NA	NA	0.91696	NA	1	1	0	1	0	0	0	0	0	0	0	0	0	0	0	0	0	0	10.59512	0	0	0	0	0	0	0	0	0	0	0	0	0	1	1	10	0.961215	1.059512	"(0,5]"	11.22565678144	0.00521108238333333	0.1	"(0.0667,0.133]"	-0.872060659348768	0.00100163695912441	NA	0.05	7251	183
"131837"	"chr20:60885958-60886150_-"	0.91314	0.78205	NA	1	1	1	NA	1	1	NA	NA	0.91696	NA	1	1	0	1	0	0	0	0	0	0	0	0	0	0	0	0	0	0	10.59512	0	0	0	0	0	0	0	0	0	0	0	0	0	1	1	10	0.961215	1.059512	"(0,5]"	11.22565678144	0.00521108238333333	0.1	"(0.0667,0.133]"	-0.872060659348768	0.00100163695912441	NA	0.05	7251	184
"131838"	"chr20:60885958-60886150_-"	0.91314	0.78205	NA	1	1	1	NA	1	1	NA	NA	0.91696	NA	1	1	0	1	0	0	0	0	0	0	0	0	0	0	0	0	0	0	10.59512	0	0	0	0	0	0	0	0	0	0	0	0	0	1	1	10	0.961215	1.059512	"(0,5]"	11.22565678144	0.00521108238333333	0.1	"(0.0667,0.133]"	-0.872060659348768	0.00100163695912441	NA	0.05	7251	185
"131839"	"chr20:60885958-60886150_-"	0.91314	0.78205	NA	1	1	1	NA	1	1	NA	NA	0.91696	NA	1	1	0	1	0	0	0	0	0	0	0	0	0	0	0	0	0	0	10.59512	0	0	0	0	0	0	0	0	0	0	0	0	0	1	1	10	0.961215	1.059512	"(0,5]"	11.22565678144	0.00521108238333333	0.1	"(0.0667,0.133]"	-0.872060659348768	0.00100163695912441	NA	0.05	7251	186
"130139"	"chr20:42843528-42843643_+"	NA	0.68067	NA	NA	0.66667	NA	NA	0.73684	0.33333	NA	1	NA	NA	NA	0.51111	1	1	1	1	1	1	1	1	1	1	1	1	1	1	1	38.50143	47.43146	40.95171	24.00223	42.89486	42.79499	91.82315	50.87539	19.07179	56.92213	85.47477	53.67225	62.44331	37.81321	40.01465	15	6	6	0.65477	47.6271533333333	"(45,50]"	467.757001392347	0.0501387054	1	"(0.933,1]"	0.972320624175827	0.00113861852194042	NA	0.05	7251	187
"42446"	"chr14:105722855-105722886_-"	1	1	1	1	1	1	1	1	1	1	1	0.89954	1	0.87786	1	0	0	0	0	0	0	0	0	0	0	0	0	0	1	0	0	0	0	0	0	0	0	0	0	0	0	0	0	6.28965	0	1	1	15	0.98516	0.41931	"(0,5]"	2.6373131415	0.00155050051428571	0.0666666666666667	NA	-0.753843784693971	0.00116998937256411	NA	0.05	7251	188
"131840"	"chr20:60886218-60886363_-"	0.91364	0.82564	1	1	1	1	NA	1	1	1	NA	0.91696	1	1	NA	0	1	0	0	0	0	0	0	0	0	0	0	0	0	0	0	10.59512	0	0	0	0	0	0	0	0	0	0	0	0	0	1	1	12	0.971353333333333	0.882926666666667	"(0,5]"	9.35471398453333	0.00317341115151515	0.0833333333333333	"(0.0667,0.133]"	-0.814580593559946	0.00125278047377307	NA	0.05	7251	189
"131841"	"chr20:60886218-60886363_-"	0.91364	0.82564	1	1	1	1	NA	1	1	1	NA	0.91696	1	1	NA	0	1	0	0	0	0	0	0	0	0	0	0	0	0	0	0	10.59512	0	0	0	0	0	0	0	0	0	0	0	0	0	1	1	12	0.971353333333333	0.882926666666667	"(0,5]"	9.35471398453333	0.00317341115151515	0.0833333333333333	"(0.0667,0.133]"	-0.814580593559946	0.00125278047377307	NA	0.05	7251	190
"131842"	"chr20:60886218-60886363_-"	0.91364	0.82564	1	1	1	1	NA	1	1	1	NA	0.91696	1	1	NA	0	1	0	0	0	0	0	0	0	0	0	0	0	0	0	0	10.59512	0	0	0	0	0	0	0	0	0	0	0	0	0	1	1	12	0.971353333333333	0.882926666666667	"(0,5]"	9.35471398453333	0.00317341115151515	0.0833333333333333	"(0.0667,0.133]"	-0.814580593559946	0.00125278047377307	NA	0.05	7251	191
"131843"	"chr20:60886218-60886363_-"	0.91364	0.82564	1	1	1	1	NA	1	1	1	NA	0.91696	1	1	NA	0	1	0	0	0	0	0	0	0	0	0	0	0	0	0	0	10.59512	0	0	0	0	0	0	0	0	0	0	0	0	0	1	1	12	0.971353333333333	0.882926666666667	"(0,5]"	9.35471398453333	0.00317341115151515	0.0833333333333333	"(0.0667,0.133]"	-0.814580593559946	0.00125278047377307	NA	0.05	7251	192
"131844"	"chr20:60886218-60886363_-"	0.91364	0.82564	1	1	1	1	NA	1	1	1	NA	0.91696	1	1	NA	0	1	0	0	0	0	0	0	0	0	0	0	0	0	0	0	10.59512	0	0	0	0	0	0	0	0	0	0	0	0	0	1	1	12	0.971353333333333	0.882926666666667	"(0,5]"	9.35471398453333	0.00317341115151515	0.0833333333333333	"(0.0667,0.133]"	-0.814580593559946	0.00125278047377307	NA	0.05	7251	193
"21390"	"chr11:72415197-72415379_-"	0.88415	0.78072	1	1	0.83826	0.78443	1	0.94157	0.85049	0.94089	0.96383	0.9187	1	1	1	1	0	1	1	0	0	1	0	0	1	2	0	1	1	1	5.92713	0	7.00673	6.62307	0	0	10.57358	0	0	6.3772	15.0631600046195	0	10.15533	11.25926	8.24892	10	10	15	0.926869333333333	5.4156253336413	"(5,10]"	26.1049737673648	0.0065066452352381	0.6	"(0.533,0.6]"	0.750840764108378	0.00125594223110803	0.00423201833518434	0.05	7251	194
